,start_station_name,start_count,end_count,deficit,popularity,deficit_normalized,popularity_normalized
0,1 Ave & E 110 St,1338,1341,-3,2679,-0.013100436681222707,0.1703764945306538
1,1 Ave & E 16 St,3877,3886,-9,7763,-0.039301310043668124,0.49370389213940474
2,1 Ave & E 18 St,4111,4101,10,8212,0.02518891687657431,0.5222589671839226
3,1 Ave & E 30 St,2883,2907,-24,5790,-0.10480349344978165,0.3682269142711778
4,1 Ave & E 39 St,2668,2667,1,5335,0.0025188916876574307,0.33929025693207837
5,1 Ave & E 44 St,1775,1782,-7,3557,-0.03056768558951965,0.2262147036377512
6,1 Ave & E 6 St,3842,3861,-19,7703,-0.08296943231441048,0.4898880691935894
7,1 Ave & E 62 St,3814,3837,-23,7651,-0.10043668122270742,0.4865810226405495
8,1 Ave & E 68 St,6583,6652,-69,13235,-0.30131004366812225,0.8417069447977614
9,1 Ave & E 78 St,4061,4022,39,8083,0.0982367758186398,0.5140549478504197
10,1 Ave & E 94 St,1017,1008,9,2025,0.022670025188916875,0.12878402442126685
11,1 Pl & Clinton St,692,694,-2,1386,-0.008733624454148471,0.08814551004833376
12,1 St & 6 Ave,817,808,9,1625,0.022670025188916875,0.10334520478249809
13,10 Ave & W 14 St,925,939,-14,1864,-0.0611353711790393,0.11854489951666243
14,10 Ave & W 202 St,39,46,-7,85,-0.03056768558951965,0.005405749173238362
15,10 Ave & W 204 St,60,68,-8,128,-0.034934497816593885,0.008140422284406004
16,10 Ave & W 207 St,158,181,-23,339,-0.10043668122270742,0.021559399643856524
17,10 Ave & W 215 St,86,85,1,171,0.0025188916876574307,0.010875095395573645
18,10 Ave & W 28 St,4134,4150,-16,8284,-0.06986899563318777,0.526837954718901
19,10 St & 2 Ave,487,489,-2,976,-0.008733624454148471,0.06207071991859578
20,10 St & 5 Ave,723,735,-12,1458,-0.05240174672489083,0.09272449758331214
21,10 St & 7 Ave,1373,1399,-26,2772,-0.11353711790393013,0.17629102009666753
22,11 Ave & Prospect Ave,607,609,-2,1216,-0.008733624454148471,0.07733401170185704
23,11 Ave & W 27 St,2597,2607,-10,5204,-0.043668122270742356,0.3309590435003816
24,11 Ave & W 41 St,5335,5296,39,10631,0.0982367758186398,0.6761002289493767
25,11 Ave & W 59 St,2241,2241,0,4482,0.0,0.28504197405240395
26,11 St & 43 Ave,187,193,-6,380,-0.026200873362445413,0.024166878656830322
27,12 Ave & 36 St,123,116,7,239,0.017632241813602016,0.015199694734164335
28,12 Ave & W 125 St,670,649,21,1319,0.05289672544080604,0.08388450775883999
29,12 Ave & W 40 St,2979,2987,-8,5966,-0.034934497816593885,0.37941999491223605
30,12 St & 4 Ave,576,595,-19,1171,-0.08296943231441048,0.07447214449249555
31,14 St & 5 Ave,1059,1073,-14,2132,-0.0611353711790393,0.1355889086746375
32,14 St & 7 Ave,1039,1031,8,2070,0.020151133501259445,0.13164589163062834
33,16th St & 4th Ave,414,416,-2,830,-0.008733624454148471,0.05278555075044518
34,17 St & 5 Ave,711,731,-20,1442,-0.08733624454148471,0.09170694479776138
35,18 St & 27 Ave,516,520,-4,1036,-0.017467248908296942,0.06588654286441109
36,19 St & 24 Ave,359,355,4,714,0.010075566750629723,0.04540829305520224
37,19 St & 8 Ave,139,66,73,205,0.18387909319899245,0.01303739506486899
38,2 Av & 37 St,38,48,-10,86,-0.043668122270742356,0.005469346222335284
39,2 Ave & 32 St,66,71,-5,137,-0.021834061135371178,0.0087127957262783
40,2 Ave & 36 St,209,251,-42,460,-0.18340611353711792,0.029254642584584076
41,2 Ave & 39 St,124,146,-22,270,-0.09606986899563319,0.017171203256168915
42,2 Ave & 43 St,40,53,-13,93,-0.056768558951965066,0.005914525566013737
43,2 Ave & 44 St,32,34,-2,66,-0.008733624454148471,0.004197405240396845
44,2 Ave & E 104 St,853,850,3,1703,0.007556675062972292,0.108305774612058
45,2 Ave & E 122 St,599,601,-2,1200,-0.008733624454148471,0.07631645891630628
46,2 Ave & E 125 St,605,628,-23,1233,-0.10043668122270742,0.07841516153650471
47,2 Ave & E 29 St,3828,3848,-20,7676,-0.08733624454148471,0.4881709488679725
48,2 Ave & E 31 St,3044,3056,-12,6100,-0.05240174672489083,0.3879419994912236
49,2 Ave & E 72 St,3510,3539,-29,7049,-0.12663755458515283,0.44829559908420247
50,2 Ave & E 96 St,2013,2048,-35,4061,-0.15283842794759825,0.2582676163825999
51,2 Ave & E 99 St,988,994,-6,1982,-0.026200873362445413,0.1260493513100992
52,20 Ave & 21 St,169,170,-1,339,-0.004366812227074236,0.021559399643856524
53,20 Ave & 31 St,95,92,3,187,0.007556675062972292,0.011892648181124395
54,20 Ave & 38 St,409,400,9,809,0.022670025188916875,0.05145001271940982
55,20 Ave & 42 St,137,142,-5,279,-0.021834061135371178,0.017743576698041212
56,20 Ave & 48 St,153,161,-8,314,-0.034934497816593885,0.019969473416433476
57,20 Ave & Shore Blvd,68,64,4,132,0.010075566750629723,0.00839481048079369
58,21 Ave & 80 St,133,139,-6,272,-0.026200873362445413,0.017298397354362758
59,21 Ave & Crescent St,724,716,8,1440,0.020151133501259445,0.09157975069956754
60,21 Ave & Shore Blvd,390,383,7,773,0.017632241813602016,0.04916051895192063
61,21 St & 21 Ave,393,395,-2,788,-0.008733624454148471,0.05011447468837446
62,21 St & 23 Ave,211,200,11,411,0.027707808564231738,0.0261383871788349
63,21 St & 31 Dr,542,536,6,1078,0.015113350125944584,0.06855761892648181
64,21 St & 36 Ave,229,237,-8,466,-0.034934497816593885,0.029636224879165608
65,21 St & 38 Ave,89,94,-5,183,-0.021834061135371178,0.011638259984736709
66,21 St & 4 Ave,482,486,-4,968,-0.017467248908296942,0.0615619435258204
67,21 St & 43 Ave,370,382,-12,752,-0.05240174672489083,0.047824980920885274
68,21 St & Hoyt Ave S,412,416,-4,828,-0.017467248908296942,0.05265835665225133
69,21 St & Queens Plaza North,726,748,-22,1474,-0.09606986899563319,0.09374205036886288
70,23 Ave & 27 St,344,340,4,684,0.010075566750629723,0.04350038158229458
71,23 Rd & 31 St,196,175,21,371,0.05289672544080604,0.023594505214958025
72,23 St & 3 Ave,84,87,-3,171,-0.013100436681222707,0.010875095395573645
73,24 Ave & 26 St,370,359,11,729,0.027707808564231738,0.04636224879165607
74,24 Ave & 29 St,358,336,22,694,0.055415617128463476,0.0441363520732638
75,24 St & 38 Ave,321,322,-1,643,-0.004366812227074236,0.04089290256932079
76,24 St & 41 Ave,481,478,3,959,0.007556675062972292,0.060989570083948105
77,24 St & 5 Ave,294,295,-1,589,-0.004366812227074236,0.037458661918087
78,25 Ave & 41 St,625,621,4,1246,0.010075566750629723,0.0792419231747647
79,27 Ave & 3 St,241,236,5,477,0.012594458438287154,0.030335792419231747
80,27 Ave & 9 St,319,281,38,600,0.09571788413098237,0.03815822945815314
81,27 St & Hunter St,872,903,-31,1775,-0.13537117903930132,0.11288476214703638
82,28 Ave & 35 St,425,392,33,817,0.08312342569269521,0.0519587891121852
83,28 Ave & 44 St,463,463,0,926,0.0,0.058890867463749684
84,28 St & 36 Ave,581,584,-3,1165,-0.013100436681222707,0.07409056219791402
85,28 St & 41 Ave,846,858,-12,1704,-0.05240174672489083,0.10836937166115493
86,29 St & 5 Ave,198,204,-6,402,-0.026200873362445413,0.025566013736962604
87,3 Ave & 14 St,85,109,-24,194,-0.10480349344978165,0.01233782752480285
88,3 Ave & 17 St,128,119,9,247,0.022670025188916875,0.01570847112693971
89,3 Ave & Carroll St,481,489,-8,970,-0.034934497816593885,0.06168913762401425
90,3 Ave & E 100 St,499,500,-1,999,-0.004366812227074236,0.06353345204782498
91,3 Ave & E 112 St,556,544,12,1100,0.030226700251889168,0.0699567540066141
92,3 Ave & E 163 St,3,4,-1,7,-0.004366812227074236,0.00044517934367845335
93,3 Ave & E 169 St,463,465,-2,928,-0.008733624454148471,0.05901806156194352
94,3 Ave & E 170 St,344,351,-7,695,-0.03056768558951965,0.04419994912236072
95,3 Ave & E 172 St,236,241,-5,477,-0.021834061135371178,0.030335792419231747
96,3 Ave & E 174 St,140,126,14,266,0.03526448362720403,0.016916815059781227
97,3 Ave & E 62 St,3679,3665,14,7344,0.03526448362720403,0.46705672856779445
98,3 Ave & E 71 St,1325,1292,33,2617,0.08312342569269521,0.1664334774866446
99,3 Ave & E 72 St,1115,1134,-19,2249,-0.08296943231441048,0.14302976341897736
100,3 Ave & Franklin Ave,190,194,-4,384,-0.017467248908296942,0.02442126685321801
101,3 Ave & Schermerhorn St,968,984,-16,1952,-0.06986899563318777,0.12414143983719156
102,3 Ave & Wakeman Pl,82,79,3,161,0.007556675062972292,0.010239124904604427
103,3 St & 3 Ave,914,920,-6,1834,-0.026200873362445413,0.11663698804375477
104,3 St & 7 Ave,1314,1277,37,2591,0.09319899244332494,0.16477995421012465
105,3 St & Hoyt St,504,525,-21,1029,-0.09170305676855896,0.06544136352073264
106,3 St & Prospect Park West,1364,1353,11,2717,0.027707808564231738,0.17279318239633681
107,30 Ave & 12 St,200,181,19,381,0.04785894206549118,0.024230475705927245
108,30 Ave & 21 St,357,352,5,709,0.012594458438287154,0.04509030780971763
109,30 Ave & 41 St,622,628,-6,1250,-0.026200873362445413,0.07949631137115237
110,30 Ave & 47 St,316,312,4,628,0.010075566750629723,0.03993894683286695
111,30 St & 4 Ave,191,192,-1,383,-0.004366812227074236,0.024357669804121088
112,30 St & 48 Ave,210,220,-10,430,-0.043668122270742356,0.027346731111676417
113,31 Ave & 14 St,486,477,9,963,0.022670025188916875,0.06124395828033579
114,31 Ave & 30 St,676,679,-3,1355,-0.013100436681222707,0.08617400152632917
115,31 Ave & 34 St,562,561,1,1123,0.0025188916876574307,0.0714194861358433
116,31 Ave & 57 St,112,112,0,224,0.0,0.014245738997710507
117,31 Ave & 61 St,187,194,-7,381,-0.03056768558951965,0.024230475705927245
118,31 Ave & Crescent St,719,715,4,1434,0.010075566750629723,0.09119816840498601
119,31 Ave & Steinway St,832,841,-9,1673,-0.039301310043668124,0.10639786313915034
120,31 Pl & Hunters Point Ave,70,72,-2,142,-0.008733624454148471,0.00903078097176291
121,31 Rd & 21 St,309,297,12,606,0.030226700251889168,0.03853981175273467
122,31 St & 21 Ave,349,336,13,685,0.0327455919395466,0.043563978631391505
123,31 St & 23 Ave,1446,1455,-9,2901,-0.039301310043668124,0.18449503943017043
124,31 St & Astoria Blvd,541,550,-9,1091,-0.039301310043668124,0.06938438056474179
125,31 St & Broadway,1423,1439,-16,2862,-0.06986899563318777,0.18201475451539048
126,31 St & Ditmars Blvd,1064,1077,-13,2141,-0.056768558951965066,0.1361612821165098
127,31 St & Hoyt Ave N,424,432,-8,856,-0.034934497816593885,0.05443907402696515
128,31 St & Newtown Ave,1481,1494,-13,2975,-0.056768558951965066,0.18920122106334267
129,31 St & Northern Blvd,433,439,-6,872,-0.026200873362445413,0.0554566268125159
130,31 St & Thomson Ave,574,613,-39,1187,-0.1703056768558952,0.0754896972780463
131,33 St & 47 Ave,171,159,12,330,0.030226700251889168,0.020987026201984227
132,34 Ave & 13 St,163,169,-6,332,-0.026200873362445413,0.021114220300178073
133,34 Ave & 21 St,338,333,5,671,0.012594458438287154,0.042673619944034596
134,34 Ave & 31 St,476,475,1,951,0.0025188916876574307,0.06048079369117273
135,34 Ave & 38 St,750,756,-6,1506,-0.026200873362445413,0.09577715593996439
136,34 Ave & 45 St,331,330,1,661,0.0025188916876574307,0.04203764945306538
137,34 Ave & 48 St,322,312,10,634,0.02518891687657431,0.04032052912744848
138,34 St & 35 Ave,397,393,4,790,0.010075566750629723,0.0502416687865683
139,34 St & 38 Ave,337,332,5,669,0.012594458438287154,0.04254642584584075
140,34 St & 4 Ave,169,163,6,332,0.015113350125944584,0.021114220300178073
141,34 St & 48 Ave,242,236,6,478,0.015113350125944584,0.03039938946832867
142,34 St & 5 Ave,141,141,0,282,0.0,0.017934367845331978
143,34th Ave & Vernon Blvd,515,518,-3,1033,-0.013100436681222707,0.06569575171712033
144,35 Ave & 10 St,562,566,-4,1128,-0.017467248908296942,0.07173747138132791
145,35 Ave & 37 St,653,662,-9,1315,-0.039301310043668124,0.0836301195624523
146,35 St & 21 Ave,294,279,15,573,0.037783375314861464,0.03644110913253625
147,35 St & 23 Ave,315,333,-18,648,-0.07860262008733625,0.04121088781480539
148,35 St & 30 Ave,560,547,13,1107,0.0327455919395466,0.07040193335029254
149,35 St & 34 Ave,343,342,1,685,0.0025188916876574307,0.043563978631391505
150,35 St & Broadway,738,765,-27,1503,-0.11790393013100436,0.09558636479267361
151,36 Ave & 10 St,348,352,-4,700,-0.017467248908296942,0.04451793436784533
152,36 Ave & 31 St,793,796,-3,1589,-0.013100436681222707,0.1010557110150089
153,36 St & 3 Ave,263,264,-1,527,-0.004366812227074236,0.03351564487407784
154,36 St & 4 Ave,520,537,-17,1057,-0.07423580786026202,0.06722208089544646
155,36 St & 47 Ave,123,119,4,242,0.010075566750629723,0.0153904858814551
156,36 St & Ditmars Blvd,470,449,21,919,0.05289672544080604,0.058445688120071226
157,36 St & Hunters Point Ave,118,108,10,226,0.02518891687657431,0.01437293309590435
158,36 St & Queens Blvd,281,281,0,562,0.0,0.03574154159247011
159,37 Ave & 35 St,316,316,0,632,0.0,0.040193335029254644
160,37 Ave & 63 St,64,72,-8,136,-0.034934497816593885,0.008649198677181379
161,37 St & 24 Ave,298,306,-8,604,-0.034934497816593885,0.03841261765454083
162,38 Ave & 29 St,407,408,-1,815,-0.004366812227074236,0.05183159501399135
163,38 St & 30 Ave,993,932,61,1925,0.15365239294710328,0.12242431951157466
164,38 St & Northern Blvd,181,164,17,345,0.042821158690176324,0.021940981938438058
165,39 Ave & 45 St,179,176,3,355,0.007556675062972292,0.022576952429407274
166,39 Ave & 54 St,55,57,-2,112,-0.008733624454148471,0.0071228694988552535
167,39 Ave & 56 St,158,164,-6,322,-0.026200873362445413,0.020478249809208853
168,39 Dr & 52 St,169,149,20,318,0.05037783375314862,0.020223861612821165
169,39 St & 47 Ave,338,333,5,671,0.012594458438287154,0.042673619944034596
170,39 St & 50 Ave,268,262,6,530,0.015113350125944584,0.03370643602136861
171,39 St & Queens Blvd,331,333,-2,664,-0.008733624454148471,0.042228440600356146
172,4 Ave & 17 St,356,369,-13,725,-0.056768558951965066,0.04610786059526838
173,4 Ave & 26 St,285,295,-10,580,-0.043668122270742356,0.0368862884762147
174,4 Ave & 3 St,1010,1023,-13,2033,-0.056768558951965066,0.12929280081404224
175,4 Ave & 9 St,1003,1013,-10,2016,-0.043668122270742356,0.12821165097939455
176,4 Ave & E 12 St,3488,3518,-30,7006,-0.13100436681222707,0.44556092597303487
177,4 Ave & Shore Road Dr,187,190,-3,377,-0.013100436681222707,0.023976087509539556
178,40 Ave & 9 St,391,407,-16,798,-0.06986899563318777,0.05075044517934368
179,40 Ave & Crescent St,326,324,2,650,0.005037783375314861,0.04133808191299924
180,40 St & Queens Blvd,466,430,36,896,0.0906801007556675,0.05698295599084203
181,41 Ave & 67 St,52,62,-10,114,-0.043668122270742356,0.007250063597049097
182,41 St & 3 Ave,77,77,0,154,0.0,0.009793945560925972
183,41 St & 4 Ave,206,211,-5,417,-0.021834061135371178,0.026519969473416432
184,42 Pl & Northern Blvd,212,202,10,414,0.02518891687657431,0.026329178326125666
185,42 St & 1 Ave,23,21,2,44,0.005037783375314861,0.0027982701602645636
186,43 Ave & 40 St,205,202,3,407,0.007556675062972292,0.025883998982447216
187,43 Ave & 42 St,442,442,0,884,0.0,0.05621979140167896
188,43 Ave & 47 St,210,176,34,386,0.08564231738035265,0.024548460951411853
189,43 St & 23 Ave,140,130,10,270,0.02518891687657431,0.017171203256168915
190,43 St & 35 Ave,214,219,-5,433,-0.021834061135371178,0.027537522258967183
191,43 St & 37 Ave,94,93,1,187,0.0025188916876574307,0.011892648181124395
192,43 St & 50 Ave,280,278,2,558,0.005037783375314861,0.035487153396082424
193,43 St & Broadway,564,572,-8,1136,-0.034934497816593885,0.07224624777410328
194,43 St & Skillman Ave,325,327,-2,652,-0.008733624454148471,0.041465276011193083
195,44 Dr & Jackson Ave,1079,1127,-48,2206,-0.2096069868995633,0.1402950903078097
196,44 St & 3 Ave,92,99,-7,191,-0.03056768558951965,0.012147036377512084
197,44 St & 48 Ave,279,228,51,507,0.12846347607052896,0.0322437038921394
198,44 St & 6 Ave,265,154,111,419,0.2795969773299748,0.026647163571610278
199,44 St & Greenpoint Ave,204,206,-2,410,-0.008733624454148471,0.02607479012973798
200,45 Ave & 21 St,918,928,-10,1846,-0.043668122270742356,0.11740015263291784
201,45 Rd & 11 St,542,550,-8,1092,-0.034934497816593885,0.06944797761383872
202,45 St & 4 Ave,256,259,-3,515,-0.013100436681222707,0.03275248028491478
203,46 Ave & 5 St,1406,1431,-25,2837,-0.1091703056768559,0.18042482828796744
204,46 St & 25 Ave,189,164,25,353,0.06297229219143577,0.022449758331213432
205,46 St & 28 Ave,231,195,36,426,0.0906801007556675,0.027092342915288732
206,46 St & 30 Rd,136,122,14,258,0.03526448362720403,0.01640803866700585
207,46 St & 6 Ave,121,119,2,240,0.005037783375314861,0.015263291783261256
208,46 St & 7 Ave,267,268,-1,535,-0.004366812227074236,0.03402442126685322
209,46 St & Queens Blvd,450,370,80,820,0.20151133501259447,0.05214958025947596
210,47 Ave & 31 St,379,388,-9,767,-0.039301310043668124,0.0487789366573391
211,47 Ave & 48 St,117,119,-2,236,-0.008733624454148471,0.01500890358687357
212,47 Ave & Skillman Ave,76,81,-5,157,-0.021834061135371178,0.009984736708216738
213,47 St & 3 Ave,61,52,9,113,0.022670025188916875,0.007186466547952175
214,48 Ave & 37 St,216,215,1,431,0.0025188916876574307,0.02741032816077334
215,48 Ave & 41 St,331,328,3,659,0.007556675062972292,0.041910455354871534
216,48 Ave & 5 St,442,491,-49,933,-0.21397379912663755,0.059336046807428135
217,48 St & 2 Ave,76,74,2,150,0.005037783375314861,0.009539557364538286
218,48 St & 37 Ave,440,452,-12,892,-0.05240174672489083,0.056728567794454336
219,48 St & 5 Ave,222,212,10,434,0.02518891687657431,0.027601119308064106
220,48 St & 50 Ave,152,155,-3,307,-0.013100436681222707,0.019524294072755025
221,48 St & Barnett Ave,126,130,-4,256,-0.017467248908296942,0.016280844568812007
222,48 St & Broadway,575,564,11,1139,0.027707808564231738,0.07243703892139405
223,48 St & Skillman Ave,314,317,-3,631,-0.013100436681222707,0.04012973798015772
224,49 Ave & 21 St,495,508,-13,1003,-0.056768558951965066,0.06378784024421266
225,49 St & 25 Ave,137,97,40,234,0.10075566750629723,0.014881709488679725
226,49 St & 31 Ave,238,233,5,471,0.012594458438287154,0.029954210124650216
227,5 Av & W 139 St,466,466,0,932,0.0,0.059272449758331215
228,5 Ave & 3 St,1429,1445,-16,2874,-0.06986899563318777,0.18277791910455354
229,5 Ave & 37 St,223,241,-18,464,-0.07860262008733625,0.02950903078097176
230,5 Ave & 41 St,307,309,-2,616,-0.008733624454148471,0.03917578224370389
231,5 Ave & 66 St,131,137,-6,268,-0.026200873362445413,0.01704400915797507
232,5 Ave & E 103 St,1911,1942,-31,3853,-0.13537117903930132,0.24503943017044008
233,5 Ave & E 135 St,418,420,-2,838,-0.008733624454148471,0.053294327143220556
234,5 Ave & E 29 St,3132,3169,-37,6301,-0.1615720524017467,0.4007250063597049
235,5 Ave & E 63 St,1608,1632,-24,3240,-0.10480349344978165,0.20605443907402696
236,5 Ave & E 72 St,3012,3070,-58,6082,-0.25327510917030566,0.386797252607479
237,5 Ave & E 78 St,2430,2454,-24,4884,-0.10480349344978165,0.31060798778936655
238,5 Ave & E 87 St,2324,2336,-12,4660,-0.05240174672489083,0.29636224879165607
239,5 Ave & E 93 St,1559,1601,-42,3160,-0.18340611353711792,0.2009666751462732
240,5 Ave & W 126 St,655,654,1,1309,0.0025188916876574307,0.08324853726787076
241,5 Ave & W 131 St,297,288,9,585,0.022670025188916875,0.037204273721699314
242,5 St & 51 Ave,314,317,-3,631,-0.013100436681222707,0.04012973798015772
243,5 St & 6 Ave,526,527,-1,1053,-0.004366812227074236,0.06696769269905876
244,5 St & Market St,429,442,-13,871,-0.056768558951965066,0.05539302976341898
245,50 St & 30 Ave,212,214,-2,426,-0.008733624454148471,0.027092342915288732
246,50 St & 7 Ave,21,24,-3,45,-0.013100436681222707,0.0028618672093614858
247,50 St & Barnett Ave,283,280,3,563,0.007556675062972292,0.03580513864156703
248,50 St & Northern Blvd,308,309,-1,617,-0.004366812227074236,0.039239379292800816
249,51 St & 43 Ave,270,271,-1,541,-0.004366812227074236,0.03440600356143475
250,51 St & Hobart St,294,292,2,586,0.005037783375314861,0.037267870770796234
251,51 St & Queens Blvd,58,48,10,106,0.02518891687657431,0.0067412872042737215
252,52 St & 1 Ave,65,64,1,129,0.0025188916876574307,0.008204019333502925
253,52 St & 6 Ave,72,72,0,144,0.0,0.009157975069956754
254,53 St & 2 Ave,211,217,-6,428,-0.026200873362445413,0.027219537013482575
255,53 St & 4 Ave,385,388,-3,773,-0.013100436681222707,0.04916051895192063
256,53 St & 5 Ave,172,134,38,306,0.09571788413098237,0.019460697023658102
257,53 St & Roosevelt Ave,126,101,25,227,0.06297229219143577,0.014436530145001273
258,54 St & 37 Ave,54,60,-6,114,-0.026200873362445413,0.007250063597049097
259,55 St & 5 Ave,113,71,42,184,0.10579345088161209,0.01170185703383363
260,55 St & 7 Ave,142,147,-5,289,-0.021834061135371178,0.01837954718901043
261,55 St & Northern Blvd,123,122,1,245,0.0025188916876574307,0.015581277028745866
262,57 St & 1 Ave,142,147,-5,289,-0.021834061135371178,0.01837954718901043
263,57 St & 37 Ave,47,47,0,94,0.0,0.005978122615110659
264,57 St & 4 Ave,168,170,-2,338,-0.008733624454148471,0.021495802594759604
265,57 St & 43 Ave,76,72,4,148,0.010075566750629723,0.009412363266344441
266,58 St & 2 Ave,121,144,-23,265,-0.10043668122270742,0.016853218010684304
267,58 St & 32 Ave,108,110,-2,218,-0.008733624454148471,0.013864156703128974
268,58 St & Pier 4,102,123,-21,225,-0.09170305676855896,0.014309336046807428
269,59 St & 4 Ave,255,253,2,508,0.005037783375314861,0.03230730094123633
270,59 St & 5 Ave,140,135,5,275,0.012594458438287154,0.017489188501653524
271,6 Ave & 12 St,836,831,5,1667,0.012594458438287154,0.10601628084456881
272,6 Ave & 21 St,850,845,5,1695,0.012594458438287154,0.10779699821928262
273,6 Ave & 55 St,87,57,30,144,0.07556675062972293,0.009157975069956754
274,6 Ave & 60 St,78,85,-7,163,-0.03056768558951965,0.010366319002798271
275,6 Ave & 9 St,1562,1552,10,3114,0.02518891687657431,0.19804121088781482
276,6 Ave & Broome St,2300,2333,-33,4633,-0.14410480349344978,0.2946451284660392
277,6 Ave & Canal St,1073,1105,-32,2178,-0.13973799126637554,0.1385143729330959
278,6 Ave & W 33 St,5896,5921,-25,11817,-0.1091703056768559,0.7515263291783262
279,6 Ave & W 34 St,5061,5081,-20,10142,-0.08733624454148471,0.6450012719409819
280,6 Ave & W 45 St,3906,3976,-70,7882,-0.3056768558951965,0.5012719409819384
281,6 Ave & Walker St,1196,1204,-8,2400,-0.034934497816593885,0.15263291783261257
282,6 St & 7 Ave,1471,1474,-3,2945,-0.013100436681222707,0.187293309590435
283,60 St & 37 Ave,54,57,-3,111,-0.013100436681222707,0.007059272449758331
284,61 St & 39 Ave,316,312,4,628,0.010075566750629723,0.03993894683286695
285,61 St & Laurel Hill Blvd,82,80,2,162,0.005037783375314861,0.010302721953701348
286,61 St & Queens Blvd,119,119,0,238,0.0,0.015136097685067414
287,61 St & Woodside Ave,245,247,-2,492,-0.008733624454148471,0.031289748155685575
288,62 St & 34 Ave,104,92,12,196,0.030226700251889168,0.012465021622996692
289,62 St & 4 Ave,92,94,-2,186,-0.008733624454148471,0.011829051132027474
290,62 St & 43 Ave,54,48,6,102,0.015113350125944584,0.006486899007886034
291,62 St & Northern Blvd,291,281,10,572,0.02518891687657431,0.036377512083439326
292,63 St & 5 Ave,41,44,-3,85,-0.013100436681222707,0.005405749173238362
293,64 St & 3 Ave,15,16,-1,31,-0.004366812227074236,0.001971508522004579
294,65 Pl & Woodside Ave,79,81,-2,160,-0.008733624454148471,0.010175527855507505
295,65 St & 2 Ave,35,30,5,65,0.012594458438287154,0.004133808191299924
296,65 St & 35 Ave,138,137,1,275,0.0025188916876574307,0.017489188501653524
297,65 St & Broadway,121,117,4,238,0.010075566750629723,0.015136097685067414
298,65 St & Roosevelt Ave,83,89,-6,172,-0.026200873362445413,0.010938692444670568
299,67 St & Erik Pl,78,84,-6,162,-0.026200873362445413,0.010302721953701348
300,69 St & 43 Ave,116,116,0,232,0.0,0.01475451539048588
301,7 Ave & 17 St,392,400,-8,792,-0.034934497816593885,0.050368862884762146
302,7 Ave & 20 St,459,416,43,875,0.10831234256926953,0.05564741795980666
303,7 Ave & 22 St,276,229,47,505,0.11838790931989925,0.032116509793945563
304,7 Ave & 40 St,227,215,12,442,0.030226700251889168,0.02810989570083948
305,7 Ave & 41 St,395,348,47,743,0.11838790931989925,0.04725260747901298
306,7 Ave & 62 St,111,125,-14,236,-0.0611353711790393,0.01500890358687357
307,7 Ave & Central Park South,3662,3701,-39,7363,-0.1703056768558952,0.468265072500636
308,7 Ave & Park Pl,2216,2233,-17,4449,-0.07423580786026202,0.28294327143220555
309,7 Ave S & Bleecker St,2938,2956,-18,5894,-0.07860262008733625,0.3748410073772577
310,7 St & 3 Ave,739,750,-11,1489,-0.048034934497816595,0.09469600610531671
311,7 St & 5 Ave,792,787,5,1579,0.012594458438287154,0.10041974052403968
312,72 St & 41 Ave,263,253,10,516,0.02518891687657431,0.0328160773340117
313,72 St & Woodside Ave,120,109,11,229,0.027707808564231738,0.014563724243195115
314,76 St & 21 Ave,86,85,1,171,0.0025188916876574307,0.010875095395573645
315,8 Ave & W 16 St,4865,4864,1,9729,0.0025188916876574307,0.6187356906639532
316,8 Ave & W 24 St,2351,2366,-15,4717,-0.06550218340611354,0.2999872805901806
317,8 Ave & W 27 St,1804,1828,-24,3632,-0.10480349344978165,0.23098448232002036
318,8 Ave & W 31 St,4389,4415,-26,8804,-0.11353711790393013,0.5599084202493004
319,8 Ave & W 33 St,5761,5792,-31,11553,-0.13537117903930132,0.7347367082167388
320,8 Ave & W 38 St,4345,4375,-30,8720,-0.13100436681222707,0.554566268125159
321,8 Ave & W 49 St,3292,3299,-7,6591,-0.03056768558951965,0.41916815059781226
322,8 Ave & W 52 St,3274,3284,-10,6558,-0.043668122270742356,0.41706944797761386
323,8 St & Astoria Blvd,269,272,-3,541,-0.013100436681222707,0.03440600356143475
324,9 Ave & W 18 St,3427,3481,-54,6908,-0.23580786026200873,0.4393284151615365
325,9 Ave & W 204 St,18,19,-1,37,-0.004366812227074236,0.0023530908165861103
326,9 Ave & W 219 St,21,22,-1,43,-0.004366812227074236,0.002734673111167642
327,9 Ave & W 22 St,4875,4888,-13,9763,-0.056768558951965066,0.6208979903332486
328,9 Ave & W 39 St,2299,2303,-4,4602,-0.017467248908296942,0.2926736199440346
329,9 Ave & W 45 St,3485,3503,-18,6988,-0.07860262008733625,0.44441617908929026
330,9 St & 44 Rd,135,145,-10,280,-0.043668122270742356,0.01780717374713813
331,Academy St & Nagle Ave,56,57,-1,113,-0.004366812227074236,0.007186466547952175
332,Adam Clayton Powell Blvd & W 115 St,702,674,28,1376,0.07052896725440806,0.08750953955736454
333,Adam Clayton Powell Blvd & W 118 St,917,918,-1,1835,-0.004366812227074236,0.1167005850928517
334,Adam Clayton Powell Blvd & W 123 St,1010,1032,-22,2042,-0.09606986899563319,0.1298651742559145
335,Adam Clayton Powell Blvd & W 126 St,1335,1340,-5,2675,-0.021834061135371178,0.17012210633426608
336,Adam Clayton Powell Blvd & W 130 St,584,595,-11,1179,-0.048034934497816595,0.07498092088527092
337,Adam Clayton Powell Blvd & W 132 St,618,613,5,1231,0.012594458438287154,0.07828796743831086
338,Adam Clayton Powell Blvd & W 138 St,775,776,-1,1551,-0.004366812227074236,0.09863902314932588
339,Adam Clayton Powell Blvd & W 141 St,615,612,3,1227,0.007556675062972292,0.07803357924192318
340,Adam Clayton Powell Blvd & W 151 St,519,517,2,1036,0.005037783375314861,0.06588654286441109
341,Adams St & Prospect St,758,775,-17,1533,-0.07423580786026202,0.09749427626558128
342,Adelphi St & Myrtle Ave,1719,1716,3,3435,0.007556675062972292,0.21845586364792674
343,Albany Ave & Fulton St,341,304,37,645,0.09319899244332494,0.041020096667514626
344,Albany Ave & Park Pl,152,107,45,259,0.11335012594458438,0.016471635716102773
345,Albany St & Greenwich St,1180,1196,-16,2376,-0.06986899563318777,0.15110658865428644
346,Albee Square W & Fulton St,1314,1332,-18,2646,-0.07860262008733625,0.16827779191045536
347,Albemarle Rd & McDonald Ave,207,217,-10,424,-0.043668122270742356,0.026965148817094886
348,Alexander Ave & E 134 St,277,287,-10,564,-0.043668122270742356,0.035868735690663955
349,Allen St & Hester St,2738,2732,6,5470,0.015113350125944584,0.3478758585601628
350,Allen St & Rivington St,2799,2821,-22,5620,-0.09606986899563319,0.3574154159247011
351,Allen St & Stanton St,3172,3183,-11,6355,-0.048034934497816595,0.4041592470109387
352,Amsterdam Ave & W 119 St,1098,1101,-3,2199,-0.013100436681222707,0.13984991096413127
353,Amsterdam Ave & W 125 St,700,696,4,1396,0.010075566750629723,0.08878148053930297
354,Amsterdam Ave & W 131 St,271,254,17,525,0.042821158690176324,0.033388450775883996
355,Amsterdam Ave & W 136 St,448,453,-5,901,-0.021834061135371178,0.05730094123632663
356,Amsterdam Ave & W 152 St,360,353,7,713,0.017632241813602016,0.045344696006105314
357,Amsterdam Ave & W 156 St,232,188,44,420,0.11083123425692695,0.026710760620707198
358,Amsterdam Ave & W 162 St,217,194,23,411,0.05793450881612091,0.0261383871788349
359,Amsterdam Ave & W 167 St,223,190,33,413,0.08312342569269521,0.026265581277028747
360,Amsterdam Ave & W 172 St,181,165,16,346,0.04030226700251889,0.022004578987534978
361,Amsterdam Ave & W 175 St,127,119,8,246,0.020151133501259445,0.015644874077842787
362,Amsterdam Ave & W 180 St,65,57,8,122,0.020151133501259445,0.007758839989824472
363,Amsterdam Ave & W 183 St,162,152,10,314,0.02518891687657431,0.019969473416433476
364,Amsterdam Ave & W 186 St,167,162,5,329,0.012594458438287154,0.020923429152887307
365,Amsterdam Ave & W 189 St,71,54,17,125,0.042821158690176324,0.007949631137115238
366,Amsterdam Ave & W 66 St,1809,1828,-19,3637,-0.08296943231441048,0.23130246756550496
367,Amsterdam Ave & W 73 St,3825,3816,9,7641,0.022670025188916875,0.4859450521495803
368,Amsterdam Ave & W 79 St,3635,3618,17,7253,0.042821158690176324,0.46126939709997455
369,Anderson Ave & W 164 St,156,148,8,304,0.020151133501259445,0.01933350292546426
370,Andrew Ave N & Hall of Fame Tce,92,88,4,180,0.010075566750629723,0.011447468837445943
371,Andrews Ave S & W 179 St,57,55,2,112,0.005037783375314861,0.0071228694988552535
372,Anthony Ave & E 175 St,104,99,5,203,0.012594458438287154,0.012910200966675146
373,Anthony Ave & E Tremont Ave,206,213,-7,419,-0.03056768558951965,0.026647163571610278
374,Aqueduct Ave & North St,60,63,-3,123,-0.013100436681222707,0.007822437038921394
375,Aqueduct Ave & W 190 St,64,64,0,128,0.0,0.008140422284406004
376,Ashland Pl & Dekalb Ave,833,843,-10,1676,-0.043668122270742356,0.10658865428644111
377,Astoria Park S & Shore Blvd,529,527,2,1056,0.005037783375314861,0.06715848384634952
378,Atlantic Ave & Fort Greene Pl,1629,1648,-19,3277,-0.08296943231441048,0.20840752989061306
379,Atlantic Ave & Furman St,1063,1061,2,2124,0.005037783375314861,0.1350801322818621
380,Audobon Ave & W 179 St,231,184,47,415,0.11838790931989925,0.02639277537522259
381,Audubon Ave & Fort George Ave,55,53,2,108,0.005037783375314861,0.006868481302467566
382,Audubon Ave & W 192 St,108,99,9,207,0.022670025188916875,0.013164589163062833
383,Ave A & E 11 St,2667,2661,6,5328,0.015113350125944584,0.3388450775883999
384,Ave A & E 14 St,4860,4878,-18,9738,-0.07860262008733625,0.6193080641058255
385,Ave D & E 8 St,1530,1532,-2,3062,-0.008733624454148471,0.19473416433477486
386,Avenue D & E 10 St,800,724,76,1524,0.19143576826196473,0.09692190282370898
387,Avenue D & E 12 St,656,621,35,1277,0.08816120906801007,0.08121343169676927
388,Avenue D & E 3 St,2259,2244,15,4503,0.037783375314861464,0.2863775120834393
389,Bailey Ave & Sedgwick Ave,49,48,1,97,0.0025188916876574307,0.006168913762401425
390,Bailey Ave & W 193 St,21,20,1,41,0.0025188916876574307,0.002607479012973798
391,Bainbridge Ave & Bedford Park Blvd,73,69,4,142,0.010075566750629723,0.00903078097176291
392,Bainbridge Ave & E 193 St,85,89,-4,174,-0.017467248908296942,0.011065886542864412
393,Bainbridge Ave & E 196 St,168,172,-4,340,-0.017467248908296942,0.021622996692953447
394,Bainbridge Ave & E 198 St,147,156,-9,303,-0.039301310043668124,0.019269905876367337
395,Bank St & Hudson St,1517,1535,-18,3052,-0.07860262008733625,0.19409819384380564
396,Bank St & Washington St,1478,1492,-14,2970,-0.0611353711790393,0.18888323581785804
397,Banker St & Meserole Ave,626,637,-11,1263,-0.048034934497816595,0.08032307300941237
398,Barclay St & Church St,437,449,-12,886,-0.05240174672489083,0.056346985499872805
399,Barrow St & Hudson St,2104,2141,-37,4245,-0.1615720524017467,0.26996947341643346
400,Barry St & Tiffany St,55,50,5,105,0.012594458438287154,0.006677690155176799
401,Bay St & Court St,249,244,5,493,0.012594458438287154,0.0313533452047825
402,Bayard St & Baxter St,1739,1745,-6,3484,-0.026200873362445413,0.2215721190536759
403,Bayard St & Leonard St,861,872,-11,1733,-0.048034934497816595,0.11021368608496565
404,Beaver St & Fayette St,753,727,26,1480,0.0654911838790932,0.09412363266344441
405,Beck St & Leggett Ave,217,214,3,431,0.007556675062972292,0.02741032816077334
406,Bedford Ave & Bergen St,917,898,19,1815,0.04785894206549118,0.11542864411091325
407,Bedford Ave & Montgomery St,327,345,-18,672,-0.07860262008733625,0.042737216993131516
408,Bedford Ave & Nassau Ave,1560,1560,0,3120,0.0,0.19842279318239633
409,Bedford Ave & S 9 St,404,412,-8,816,-0.034934497816593885,0.05189519206308827
410,Bedford Park Blvd & Paul Ave,110,102,8,212,0.020151133501259445,0.013482574408547443
411,Bergen Ave & E 152 St,247,254,-7,501,-0.03056768558951965,0.03186212159755787
412,Bergen St & 4 Ave,1168,1173,-5,2341,-0.021834061135371178,0.14888069193589418
413,Bergen St & Buffalo Ave,81,50,31,131,0.07808564231738035,0.008331213431696769
414,Bergen St & Flatbush Ave,1410,1430,-20,2840,-0.08733624454148471,0.1806156194352582
415,Bergen St & Kingston Ave,292,295,-3,587,-0.013100436681222707,0.037331467819893153
416,Bergen St & Saratoga Ave,43,40,3,83,0.007556675062972292,0.005278555075044518
417,Bergen St & Smith St,2224,2231,-7,4455,-0.03056768558951965,0.28332485372678706
418,Bergen St & Troy Ave,108,103,5,211,0.012594458438287154,0.013418977359450522
419,Bergen St & Vanderbilt Ave,2065,2063,2,4128,0.005037783375314861,0.2625286186720936
420,Berkeley Pl & 6 Ave,714,730,-16,1444,-0.06986899563318777,0.09183413889595522
421,Berkeley Pl & 7 Ave,2082,2104,-22,4186,-0.09606986899563319,0.2662172475197151
422,Berry St & N 8 St,2128,2146,-18,4274,-0.07860262008733625,0.27181378784024424
423,Bialystoker Pl & Delancey St,1191,1196,-5,2387,-0.021834061135371178,0.1518061561943526
424,Bleecker St & Crosby St,3315,3357,-42,6672,-0.18340611353711792,0.4243195115746629
425,Boerum St & Broadway,752,752,0,1504,0.0,0.09564996184177055
426,Bond St & Bergen St,871,886,-15,1757,-0.06550218340611354,0.11174001526329179
427,Boone Ave & E 172 St,178,168,10,346,0.02518891687657431,0.022004578987534978
428,Borden Ave & Review Ave,83,88,-5,171,-0.021834061135371178,0.010875095395573645
429,Boston Rd & E 167 St,382,370,12,752,0.030226700251889168,0.047824980920885274
430,Boston Rd & Prospect Ave,310,308,2,618,0.005037783375314861,0.039302976341897736
431,Botanical Sq & Webster Ave,126,134,-8,260,-0.034934497816593885,0.016535232765199696
432,Bradhurst Ave & W 148 St,350,350,0,700,0.0,0.04451793436784533
433,Bradley Ave & Greenpoint Ave,135,135,0,270,0.0,0.017171203256168915
434,Brevoort Pl & Bedford Ave,276,255,21,531,0.05289672544080604,0.03377003307046553
435,Bridge St & Water St,958,969,-11,1927,-0.048034934497816595,0.1225515136097685
436,Bridge St & York St,333,375,-42,708,-0.18340611353711792,0.04502671076062071
437,Broad St & Bridge St,920,925,-5,1845,-0.021834061135371178,0.11733655558382092
438,Broadway & 12 St,396,393,3,789,0.007556675062972292,0.05017807173747138
439,Broadway & 49 St,175,173,2,348,0.005037783375314861,0.022131773085728824
440,Broadway & 51 St,252,251,1,503,0.0025188916876574307,0.03198931569575172
441,Broadway & Battery Pl,1197,1212,-15,2409,-0.06550218340611354,0.15320529127448487
442,Broadway & Berry St,2434,2453,-19,4887,-0.08296943231441048,0.31079877893665736
443,Broadway & E 14 St,5356,5391,-35,10747,-0.15283842794759825,0.6834774866446197
444,Broadway & E 19 St,3292,3297,-5,6589,-0.021834061135371178,0.4190409564996184
445,Broadway & E 21 St,4571,4613,-42,9184,-0.18340611353711792,0.5840752989061307
446,Broadway & Ellwood St,113,122,-9,235,-0.039301310043668124,0.014945306537776646
447,Broadway & Furman Ave,106,97,9,203,0.022670025188916875,0.012910200966675146
448,Broadway & Hancock St,359,309,50,668,0.12594458438287154,0.04248282879674383
449,Broadway & Kosciuszko St,632,423,209,1055,0.5264483627204031,0.0670948867972526
450,Broadway & Madison St,554,541,13,1095,0.0327455919395466,0.06963876876112948
451,Broadway & Morris St,973,982,-9,1955,-0.039301310043668124,0.12433223098448232
452,Broadway & Moylan Pl,933,917,16,1850,0.04030226700251889,0.11765454082930552
453,Broadway & Roebling St,1049,1047,2,2096,0.005037783375314861,0.1332994149071483
454,Broadway & W 122 St,208,210,-2,418,-0.008733624454148471,0.026583566522513355
455,Broadway & W 131 St,501,510,-9,1011,-0.039301310043668124,0.06429661663698805
456,Broadway & W 133 St,410,404,6,814,0.015113350125944584,0.05176799796489443
457,Broadway & W 138 St,363,366,-3,729,-0.013100436681222707,0.04636224879165607
458,Broadway & W 142 St,380,367,13,747,0.0327455919395466,0.04750699567540066
459,Broadway & W 153 St,217,203,14,420,0.03526448362720403,0.026710760620707198
460,Broadway & W 155 St,403,379,24,782,0.060453400503778336,0.04973289239379293
461,Broadway & W 160 St,448,448,0,896,0.0,0.05698295599084203
462,Broadway & W 165 St,267,258,9,525,0.022670025188916875,0.033388450775883996
463,Broadway & W 168 St,442,422,20,864,0.05037783375314862,0.054947850419740527
464,Broadway & W 185 St,292,292,0,584,0.0,0.03714067667260239
465,Broadway & W 192 St,245,243,2,488,0.005037783375314861,0.03103535995929789
466,Broadway & W 220 St,189,187,2,376,0.005037783375314861,0.023912490460442637
467,Broadway & W 25 St,5245,5305,-60,10550,-0.26200873362445415,0.6709488679725261
468,Broadway & W 29 St,4061,4092,-31,8153,-0.13537117903930132,0.5185067412872043
469,Broadway & W 36 St,1876,1919,-43,3795,-0.18777292576419213,0.2413508013228186
470,Broadway & W 37 St,957,969,-12,1926,-0.05240174672489083,0.12248791656067158
471,Broadway & W 38 St,2925,2945,-20,5870,-0.08733624454148471,0.37331467819893155
472,Broadway & W 41 St,4404,4430,-26,8834,-0.11353711790393013,0.5618163317222081
473,Broadway & W 48 St,3425,3473,-48,6898,-0.2096069868995633,0.4386924446705673
474,Broadway & W 51 St,2847,2863,-16,5710,-0.06986899563318777,0.3631391503434241
475,Broadway & W 53 St,2700,2753,-53,5453,-0.2314410480349345,0.34679470872551516
476,Broadway & W 56 St,2875,2739,136,5614,0.3425692695214106,0.35703383363011953
477,Broadway & W 58 St,6320,6239,81,12559,0.2040302267002519,0.7987153396082421
478,Broadway & W 61 St,3441,3440,1,6881,0.0025188916876574307,0.4376112948359196
479,Broadway & Whipple St,886,884,2,1770,0.005037783375314861,0.11256677690155177
480,Bronx Shore Comfort Station,100,125,-25,225,-0.1091703056768559,0.014309336046807428
481,Brook Ave & E 138 St,303,325,-22,628,-0.09606986899563319,0.03993894683286695
482,Brook Ave & E 141 St,154,151,3,305,0.007556675062972292,0.01939709997456118
483,Brook Ave & E 148 St,238,241,-3,479,-0.013100436681222707,0.030462986517425593
484,Brook Ave & E 157 St,253,253,0,506,0.0,0.03218010684304248
485,Brooklyn Ave & Dean St,142,145,-3,287,-0.013100436681222707,0.018252353090816586
486,Brooklyn Ave & Prospect Pl,442,387,55,829,0.1385390428211587,0.05272195370134826
487,Brooklyn Bridge Park - Pier 2,405,406,-1,811,-0.004366812227074236,0.051577206817603666
488,Bruckner Blvd & Bryant Ave,198,211,-13,409,-0.056768558951965066,0.026011193080641058
489,Buchanan Pl & Grand Ave,127,126,1,253,0.0025188916876574307,0.01609005342152124
490,Buffalo Ave & St Johns Pl,28,32,-4,60,-0.017467248908296942,0.003815822945815314
491,Bulova Ave & Brooklyn Queens Expressway W,236,236,0,472,0.0,0.03001780717374714
492,Bus Slip & State St,612,615,-3,1227,-0.013100436681222707,0.07803357924192318
493,Bushwick Ave & Dekalb Ave,408,375,33,783,0.08312342569269521,0.04979648944288985
494,Bushwick Ave & Forrest St,445,429,16,874,0.04030226700251889,0.05558382091070974
495,Bushwick Ave & Furman Ave,186,169,17,355,0.042821158690176324,0.022576952429407274
496,Bushwick Ave & Harman St,484,491,-7,975,-0.03056768558951965,0.06200712286949885
497,Bushwick Ave & Linden St,419,403,16,822,0.04030226700251889,0.0522767743576698
498,Bushwick Ave & McKibbin St,314,319,-5,633,-0.021834061135371178,0.040256932078351564
499,Bushwick Ave & Powers St,765,753,12,1518,0.030226700251889168,0.09654032052912745
500,Bushwick Ave & Stagg St,272,270,2,542,0.005037783375314861,0.03446960061053167
501,Butler St & Court St,704,706,-2,1410,-0.008733624454148471,0.08967183922665989
502,Cabrini Blvd & W 177 St,90,85,5,175,0.012594458438287154,0.011129483591961333
503,Cadman Plaza E & Red Cross Pl,889,888,1,1777,0.0025188916876574307,0.11301195624523022
504,Cadman Plaza E & Tillary St,861,851,10,1712,0.02518891687657431,0.1088781480539303
505,Calyer St & Guernsey St,616,677,-61,1293,-0.2663755458515284,0.08223098448232002
506,Calyer St & Jewel St,536,554,-18,1090,-0.07860262008733625,0.06932078351564487
507,Cambridge Pl & Gates Ave,823,841,-18,1664,-0.07860262008733625,0.10582548969727805
508,Canal St & Rutgers St,3824,3858,-34,7682,-0.14847161572052403,0.48855253116255404
509,Carlton Ave & Dean St,1174,1178,-4,2352,-0.017467248908296942,0.14958025947596032
510,Carlton Ave & Flushing Ave,810,820,-10,1630,-0.043668122270742356,0.1036631900279827
511,Carlton Ave & Park Ave,770,765,5,1535,0.012594458438287154,0.09762147036377512
512,Carlton Ave & St Marks Ave,554,517,37,1071,0.09319899244332494,0.06811243958280336
513,Carroll St & 5 Ave,1321,1345,-24,2666,-0.10480349344978165,0.1695497328923938
514,Carroll St & 6 Ave,1085,1082,3,2167,0.007556675062972292,0.13781480539302976
515,Carroll St & Bond St,651,657,-6,1308,-0.026200873362445413,0.08318494021877385
516,Carroll St & Columbia St,888,901,-13,1789,-0.056768558951965066,0.11377512083439328
517,Carroll St & Franklin Ave,334,319,15,653,0.037783375314861464,0.04152887306029
518,Carroll St & Smith St,1606,1624,-18,3230,-0.07860262008733625,0.20541846858305773
519,Carroll St & Washington Ave,406,333,73,739,0.18387909319899245,0.046998219282625285
520,Cathedral Pkwy & Broadway,1769,1761,8,3530,0.020151133501259445,0.22449758331213432
521,Catherine St & Monroe St,1495,1503,-8,2998,-0.034934497816593885,0.19066395319257187
522,Caton Ave & Argyle Rd,303,311,-8,614,-0.034934497816593885,0.03904858814551005
523,Caton Ave & E 10 St,274,274,0,548,0.0,0.0348511829051132
524,Caton Ave & E 7 St,257,261,-4,518,-0.017467248908296942,0.032943271432205545
525,Cauldwell Ave & E 158 St,205,199,6,404,0.015113350125944584,0.02569320783515645
526,Cauldwell Ave & E 161 St,185,186,-1,371,-0.004366812227074236,0.023594505214958025
527,Cedar Ave & W Fordham Rd,71,75,-4,146,-0.017467248908296942,0.009285169168150597
528,Cedar St & Evergreen Ave,344,247,97,591,0.24433249370277077,0.037585856016280846
529,Cedar St & Myrtle Ave,420,427,-7,847,-0.03056768558951965,0.05386670058509285
530,Center Blvd & 48 Ave,408,425,-17,833,-0.07423580786026202,0.052976341897735944
531,Center Blvd & 51 Ave,864,868,-4,1732,-0.017467248908296942,0.11015008903586873
532,Central Ave & Covert St,254,230,24,484,0.060453400503778336,0.0307809717629102
533,Central Ave & Decatur St,185,167,18,352,0.04534005037783375,0.02238616128211651
534,Central Ave & Flushing Ave,419,426,-7,845,-0.03056768558951965,0.05373950648689901
535,Central Ave & Himrod St,353,347,6,700,0.015113350125944584,0.04451793436784533
536,Central Ave & Melrose St,347,363,-16,710,-0.06986899563318777,0.04515390485881455
537,Central Ave & Starr Street,514,494,20,1008,0.05037783375314862,0.06410582548969727
538,Central Ave & Weirfield St,290,290,0,580,0.0,0.0368862884762147
539,Central Ave & Woodbine St,447,440,7,887,0.017632241813602016,0.056410582548969725
540,Central Park North & Adam Clayton Powell Blvd,1813,1831,-18,3644,-0.07860262008733625,0.23174764690918342
541,Central Park S & 6 Ave,3067,3108,-41,6175,-0.17903930131004367,0.39271177817349273
542,Central Park W & W 103 St,1272,1278,-6,2550,-0.026200873362445413,0.16217247519715086
543,Central Park W & W 91 St,2073,2081,-8,4154,-0.034934497816593885,0.26418214194861356
544,Central Park W & W 97 St,1293,1222,71,2515,0.17884130982367757,0.1599465784787586
545,Central Park West & W 68 St,2789,2836,-47,5625,-0.2052401746724891,0.3577334011701857
546,Central Park West & W 72 St,2931,2969,-38,5900,-0.16593886462882096,0.37522258967183925
547,Central Park West & W 76 St,1416,1445,-29,2861,-0.12663755458515283,0.18195115746629356
548,Central Park West & W 85 St,2453,2379,74,4832,0.18639798488664988,0.3073009412363266
549,Centre St & Chambers St,2377,2392,-15,4769,-0.06550218340611354,0.3032943271432206
550,Centre St & Seneca Ave,211,221,-10,432,-0.043668122270742356,0.027473925209870263
551,Centre St & Worth St,1662,1704,-42,3366,-0.18340611353711792,0.21406766726023913
552,Charlotte St & Boston Rd,105,105,0,210,0.0,0.013355380310353599
553,Chauncey St & Howard Ave,223,213,10,436,0.02518891687657431,0.02772831340625795
554,Chauncey St & Malcolm X Blvd,163,148,15,311,0.037783375314861464,0.01977868226914271
555,Chauncey St & Stuyvesant Ave,372,360,12,732,0.030226700251889168,0.046553039938946834
556,Cherry St,1173,1116,57,2289,0.14357682619647355,0.14557364538285422
557,Chester Ave & 12 Ave,110,107,3,217,0.007556675062972292,0.013800559654032053
558,Christopher St & Greenwich St,3014,3023,-9,6037,-0.039301310043668124,0.3839353853981175
559,Church Ave & McDonald Ave,124,127,-3,251,-0.013100436681222707,0.0159628593233274
560,Church Ave & Story St,147,156,-9,303,-0.039301310043668124,0.019269905876367337
561,Church St & Worth St,903,911,-8,1814,-0.034934497816593885,0.11536504706181633
562,Clark St & Henry St,1963,1990,-27,3953,-0.11790393013100436,0.2513991350801323
563,Classon Ave & St Marks Ave,1158,1128,30,2286,0.07556675062972293,0.14538285423556346
564,Clay Ave & Claremont Pkwy,194,201,-7,395,-0.03056768558951965,0.02512083439328415
565,Clay Ave & E 173 St,189,207,-18,396,-0.07860262008733625,0.025184431442381073
566,Clermont Ave & Lafayette Ave,978,899,79,1877,0.19899244332493704,0.11937166115492241
567,Clermont Ave & Park Ave,830,844,-14,1674,-0.0611353711790393,0.10646146018824726
568,Cleveland Pl & Spring St,4643,4679,-36,9322,-0.1572052401746725,0.592851691681506
569,Cliff St & Fulton St,1373,1377,-4,2750,-0.017467248908296942,0.17489188501653524
570,Clinton Ave & Flushing Ave,543,543,0,1086,0.0,0.06906639531925719
571,Clinton Ave & Myrtle Ave,2053,2048,5,4101,0.012594458438287154,0.2608114983464767
572,Clinton St & 4 Place,679,685,-6,1364,-0.026200873362445413,0.08674637496820148
573,Clinton St & Centre St,216,214,2,430,0.005037783375314861,0.027346731111676417
574,Clinton St & Cherry St,1804,1782,22,3586,0.055415617128463476,0.22805901806156195
575,Clinton St & Grand St,4556,4575,-19,9131,-0.08296943231441048,0.5807046553039938
576,Clinton St & Joralemon St,1809,1826,-17,3635,-0.07423580786026202,0.23117527346731112
577,Clinton St & Tillary St,1175,1181,-6,2356,-0.026200873362445413,0.149834647672348
578,Clinton St & Union St,966,976,-10,1942,-0.043668122270742356,0.12350546934622234
579,Coffey St & Conover St,274,273,1,547,0.0025188916876574307,0.03478758585601628
580,Coffey St & Ferris St,190,195,-5,385,-0.021834061135371178,0.024484863902314934
581,College Ave & E 169 St,17,12,5,29,0.012594458438287154,0.001844314423810735
582,College Ave & E 170 St,94,94,0,188,0.0,0.011956245230221318
583,Columbia Heights & Cranberry St,586,573,13,1159,0.0327455919395466,0.07370897990333249
584,Columbia St & Degraw St,625,636,-11,1261,-0.048034934497816595,0.08019587891121852
585,Columbia St & Kane St,402,406,-4,808,-0.017467248908296942,0.0513864156703129
586,Columbia St & Lorraine St,95,110,-15,205,-0.06550218340611354,0.01303739506486899
587,Columbia St & Rivington St,1643,1630,13,3273,0.0327455919395466,0.20815314169422539
588,Columbia St & W 9 St,180,181,-1,361,-0.004366812227074236,0.022958534723988806
589,Columbus Ave & W 103 St,855,653,202,1508,0.5088161209068011,0.09590435003815823
590,Columbus Ave & W 72 St,4004,3977,27,7981,0.06801007556675064,0.5075680488425337
591,Columbus Ave & W 95 St,2839,2843,-4,5682,-0.017467248908296942,0.36135843296871023
592,Columbus Pl & Atlantic Ave,39,27,12,66,0.030226700251889168,0.004197405240396845
593,Commerce St & Van Brunt St,303,304,-1,607,-0.004366812227074236,0.03860340880183159
594,Concord St & Bridge St,522,520,2,1042,0.005037783375314861,0.06626812515899262
595,Concourse Village East & E 158 St,237,243,-6,480,-0.026200873362445413,0.030526583566522512
596,Concourse Village West & E 156 St,208,205,3,413,0.007556675062972292,0.026265581277028747
597,Congress St & Clinton St,1243,1273,-30,2516,-0.13100436681222707,0.1600101755278555
598,Congress St & Hicks St,525,500,25,1025,0.06297229219143577,0.06518697532434495
599,Convent Ave & W 135 St,578,547,31,1125,0.07808564231738035,0.07154668023403714
600,Convent Ave & W 151 St,89,79,10,168,0.02518891687657431,0.010684304248282879
601,Cooper Square & Astor Pl,3527,3590,-63,7117,-0.27510917030567683,0.45262019842279316
602,Court St & Nelson St,848,858,-10,1706,-0.043668122270742356,0.10849656575934877
603,Court St & State St,2351,2363,-12,4714,-0.05240174672489083,0.29979648944288984
604,Courtlandt Ave & E 149 St,447,457,-10,904,-0.043668122270742356,0.0574917323836174
605,Crescent St & 30 Ave,997,1009,-12,2006,-0.05240174672489083,0.12757568048842532
606,Crescent St & 34 Ave,758,755,3,1513,0.007556675062972292,0.09622233528364284
607,Crescent St & 35 Ave,481,470,11,951,0.027707808564231738,0.06048079369117273
608,Crescent St & Broadway,1082,1079,3,2161,0.007556675062972292,0.13743322309844824
609,Crescent St & Ditmars Blvd,289,293,-4,582,-0.017467248908296942,0.03701348257440855
610,Creston Ave & E 178 St,190,185,5,375,0.012594458438287154,0.023848893411345714
611,Creston Ave & E 181 St,182,186,-4,368,-0.017467248908296942,0.02340371406766726
612,Crotona Park East & E 173 St,131,131,0,262,0.0,0.016662426863393538
613,Crotona Park North & Prospect Ave,93,97,-4,190,-0.017467248908296942,0.012083439328415161
614,Cumberland St & Lafayette Ave,938,951,-13,1889,-0.056768558951965066,0.12013482574408547
615,Cypress Ave & George St,116,102,14,218,0.03526448362720403,0.013864156703128974
616,Cypress Ave & Palmetto St,117,77,40,194,0.10075566750629723,0.01233782752480285
617,Dahill Rd & 12 Ave,215,224,-9,439,-0.039301310043668124,0.027919104553548714
618,Davidson Ave & W Burnside Ave,157,164,-7,321,-0.03056768558951965,0.02041465276011193
619,Dawson St & Intervale Ave,34,35,-1,69,-0.004366812227074236,0.004388196387687612
620,DeKalb Ave & Franklin Ave,1007,1019,-12,2026,-0.05240174672489083,0.12884762147036377
621,DeKalb Ave & Hudson Ave,1722,1759,-37,3481,-0.1615720524017467,0.22138132790638515
622,DeKalb Ave & S Portland Ave,1315,1314,1,2629,0.0025188916876574307,0.16719664207580767
623,DeKalb Ave & Vanderbilt Ave,1538,1511,27,3049,0.06801007556675064,0.19390740269651488
624,Dean St & Franklin Ave,988,990,-2,1978,-0.008733624454148471,0.12579496311371152
625,Dean St & Hoyt St,886,894,-8,1780,-0.034934497816593885,0.11320274739252098
626,Decatur Ave & Bedford Park Blvd,58,61,-3,119,-0.013100436681222707,0.007568048842533707
627,Decatur Ave & E 197 St,12,15,-3,27,-0.013100436681222707,0.0017171203256168915
628,Decatur Ave & Oliver Pl,42,44,-2,86,-0.008733624454148471,0.005469346222335284
629,Decatur St & Saratoga Ave,153,139,14,292,0.03526448362720403,0.018570338336301194
630,Degraw St & Hoyt St,727,739,-12,1466,-0.05240174672489083,0.09323327397608751
631,Degraw St & Smith St,858,878,-20,1736,-0.08733624454148471,0.11040447723225642
632,Delancey St & Eldridge St,881,886,-5,1767,-0.021834061135371178,0.112375985754261
633,Devoe St & Lorimer St,1107,1106,1,2213,0.0025188916876574307,0.14074026965148817
634,Devoe St & Morgan Ave,498,501,-3,999,-0.013100436681222707,0.06353345204782498
635,Ditmars Blvd & 19 St,404,398,6,802,0.015113350125944584,0.05100483337573137
636,Ditmars Blvd & 43 St,412,385,27,797,0.06801007556675064,0.05068684813024676
637,Ditmars Blvd & 48 St,185,171,14,356,0.03526448362720403,0.022640549478504197
638,Ditmars Blvd & 73 St,77,71,6,148,0.015113350125944584,0.009412363266344441
639,Ditmars Blvd & 76 St,92,90,2,182,0.005037783375314861,0.011574662935639786
640,Ditmars Blvd & 79 St,294,308,-14,602,-0.0611353711790393,0.03828542355634699
641,Division Ave & Hooper St,480,518,-38,998,-0.16593886462882096,0.06346985499872806
642,Division Ave & Marcy Ave,1079,1111,-32,2190,-0.13973799126637554,0.13927753752225897
643,Division St & Bowery,2361,2372,-11,4733,-0.048034934497816595,0.30100483337573136
644,Dock 72 Way & Market St,875,990,-115,1865,-0.5021834061135371,0.11860849656575935
645,Dock St & Front St,718,726,-8,1444,-0.034934497816593885,0.09183413889595522
646,Douglass St & 3 Ave,1330,1320,10,2650,0.02518891687657431,0.16853218010684304
647,Douglass St & 4 Ave,1135,1163,-28,2298,-0.1222707423580786,0.14614601882472653
648,Driggs Ave & Lorimer St,896,908,-12,1804,-0.05240174672489083,0.11472907657084712
649,Driggs Ave & N 9 St,1939,1977,-38,3916,-0.16593886462882096,0.24904604426354618
650,Driggs Ave & N Henry St,1302,1289,13,2591,0.0327455919395466,0.16477995421012465
651,Duane St & Hudson St,771,766,5,1537,0.012594458438287154,0.09774866446196896
652,Duffield St & Willoughby St,1134,1154,-20,2288,-0.08733624454148471,0.1455100483337573
653,Dwight St & Van Dyke St,186,218,-32,404,-0.13973799126637554,0.02569320783515645
654,Dyckman St & 10 Ave,58,57,1,115,0.0025188916876574307,0.007313660646146019
655,Dyckman St & Henshaw St,83,94,-11,177,-0.048034934497816595,0.011256677690155177
656,Dyckman St & Staff St,53,65,-12,118,-0.05240174672489083,0.007504451793436785
657,E 1 St & 1 Ave,3730,3775,-45,7505,-0.1965065502183406,0.4772958534723989
658,E 1 St & Bowery,2126,2152,-26,4278,-0.11353711790393013,0.2720681760366319
659,E 10 St & 2 Ave,2771,2810,-39,5581,-0.1703056768558952,0.35493513100992113
660,E 10 St & Avenue A,2995,3015,-20,6010,-0.08733624454148471,0.3822182650725006
661,E 102 St & 1 Ave,1390,1381,9,2771,0.022670025188916875,0.17622742304757058
662,E 102 St & Park Ave,610,601,9,1211,0.022670025188916875,0.07701602645637243
663,E 103 St & Lexington Ave,1119,1128,-9,2247,-0.039301310043668124,0.14290256932078352
664,E 106 St & 1 Ave,605,612,-7,1217,-0.03056768558951965,0.07739760875095396
665,E 106 St & 2 Ave,847,844,3,1691,0.007556675062972292,0.10754261002289493
666,E 106 St & Lexington Ave,1032,1031,1,2063,0.0025188916876574307,0.13120071228694988
667,E 106 St & Madison Ave,1181,1174,7,2355,0.017632241813602016,0.14977105062325108
668,E 11 St & 1 Ave,3003,3004,-1,6007,-0.004366812227074236,0.38202747392520986
669,E 11 St & 3 Ave,2388,2409,-21,4797,-0.09170305676855896,0.3050750445179344
670,E 11 St & Avenue B,2362,2306,56,4668,0.14105793450881612,0.2968710251844314
671,E 114 St & 1 Ave,649,639,10,1288,0.02518891687657431,0.08191299923683541
672,E 115 St & Lexington Ave,928,934,-6,1862,-0.026200873362445413,0.11841770541846858
673,E 115 St & Madison Ave,520,517,3,1037,0.007556675062972292,0.06595013991350801
674,E 116 St & 2 Ave,640,644,-4,1284,-0.017467248908296942,0.08165861104044772
675,E 118 St & 1 Ave,979,981,-2,1960,-0.008733624454148471,0.12465021622996693
676,E 118 St & 3 Ave,741,739,2,1480,0.005037783375314861,0.09412363266344441
677,E 118 St & Madison Ave,949,937,12,1886,0.030226700251889168,0.1199440345967947
678,E 118 St & Park Ave,293,291,2,584,0.005037783375314861,0.03714067667260239
679,E 12 St & 3 Ave,1929,1941,-12,3870,-0.05240174672489083,0.24612058000508777
680,E 12 St & Ave C,1732,1721,11,3453,0.027707808564231738,0.21960061053167132
681,E 123 St & Lexington Ave,687,698,-11,1385,-0.048034934497816595,0.08808191299923683
682,E 128 St & 3 Ave,88,92,-4,180,-0.017467248908296942,0.011447468837445943
683,E 128 St & Madison Ave,626,625,1,1251,0.0025188916876574307,0.0795599084202493
684,E 13 St & 2 Ave,3495,3490,5,6985,0.012594458438287154,0.4442253879419995
685,E 13 St & Avenue A,2245,2226,19,4471,0.04785894206549118,0.28434240651233783
686,E 132 St & Madison Ave,565,560,5,1125,0.012594458438287154,0.07154668023403714
687,E 133 St & Cypress Pl,137,149,-12,286,-0.05240174672489083,0.018188756041719663
688,E 134 St & Walnut Ave,14,15,-1,29,-0.004366812227074236,0.001844314423810735
689,E 135 St & St Ann's Ave,168,171,-3,339,-0.013100436681222707,0.021559399643856524
690,E 138 St & 5 Av,461,464,-3,925,-0.013100436681222707,0.05882727041465276
691,E 138 St & Cypress Ave,254,257,-3,511,-0.013100436681222707,0.032498092088527095
692,E 138 St & Grand Concourse,181,182,-1,363,-0.004366812227074236,0.02308572882218265
693,E 138 St & Park Ave,264,291,-27,555,-0.11790393013100436,0.03529636224879166
694,E 138 St & Willow Ave,111,114,-3,225,-0.013100436681222707,0.014309336046807428
695,E 14 St & 1 Ave,3180,3177,3,6357,0.007556675062972292,0.40428644110913253
696,E 14 St & Avenue B,3145,3126,19,6271,0.04785894206549118,0.39881709488679723
697,E 141 St & Jackson Ave,90,98,-8,188,-0.034934497816593885,0.011956245230221318
698,E 141 St & St Ann's Ave,200,202,-2,402,-0.008733624454148471,0.025566013736962604
699,E 142 St & 3 Ave,321,311,10,632,0.02518891687657431,0.040193335029254644
700,E 144 St & Brook Ave,101,102,-1,203,-0.004366812227074236,0.012910200966675146
701,E 147 St & Bergen Ave,268,277,-9,545,-0.039301310043668124,0.034660391757822435
702,E 149 St & Eagle Ave,328,328,0,656,0.0,0.04171966420758077
703,E 149 St & Jackson Ave,288,281,7,569,0.017632241813602016,0.03618672093614856
704,E 149 St & Morris Ave,507,510,-3,1017,-0.013100436681222707,0.06467819893156958
705,E 149 St & Park Ave,340,346,-6,686,-0.026200873362445413,0.043627575680488424
706,E 15 St & 3 Ave,2536,2569,-33,5105,-0.14410480349344978,0.3246629356397863
707,E 150 St & Gerard Ave,95,98,-3,193,-0.013100436681222707,0.012274230475705927
708,E 153 St & E 157 St,65,69,-4,134,-0.017467248908296942,0.008522004578987535
709,E 155 St & Courtlandt Ave,78,77,1,155,0.0025188916876574307,0.009857542610022895
710,E 156 & Brook Ave,282,286,-4,568,-0.017467248908296942,0.03612312388705164
711,E 156 St & Courtlandt Ave,173,172,1,345,0.0025188916876574307,0.021940981938438058
712,E 157 St & River Ave,195,198,-3,393,-0.013100436681222707,0.024993640295090307
713,E 158 St & Melrose Ave,251,246,5,497,0.012594458438287154,0.031607733401170186
714,E 16 St & 5 Ave,3419,3405,14,6824,0.03526448362720403,0.43398626303739507
715,E 16 St & Irving Pl,2444,2449,-5,4893,-0.021834061135371178,0.3111803612312389
716,E 160 St & Tinton Ave,97,90,7,187,0.017632241813602016,0.011892648181124395
717,E 161 St & Park Ave,348,363,-15,711,-0.06550218340611354,0.045217501907911475
718,E 161 St & River Ave,604,619,-15,1223,-0.06550218340611354,0.07777919104553549
719,E 163 St & Tiffany St,149,157,-8,306,-0.034934497816593885,0.019460697023658102
720,E 163 St & Union Ave,241,234,7,475,0.017632241813602016,0.030208598321037904
721,E 165 St & Clay Ave,163,168,-5,331,-0.021834061135371178,0.02105062325108115
722,E 165 St & Fox St,101,91,10,192,0.02518891687657431,0.012210633426609005
723,E 165 St & Jerome Ave,64,66,-2,130,-0.008733624454148471,0.008267616382599848
724,E 167 St & Bryant Ave,157,158,-1,315,-0.004366812227074236,0.0200330704655304
725,E 167 St & Clay Ave,165,170,-5,335,-0.021834061135371178,0.02130501144746884
726,E 167 St & Franklin Ave,242,246,-4,488,-0.017467248908296942,0.03103535995929789
727,E 169 St & Fox St,80,73,7,153,0.017632241813602016,0.009730348511829051
728,E 169 St & Webster Ave,143,149,-6,292,-0.026200873362445413,0.018570338336301194
729,E 17 St & 2 Ave,1820,1812,8,3632,0.020151133501259445,0.23098448232002036
730,E 17 St & Broadway,4812,4830,-18,9642,-0.07860262008733625,0.613202747392521
731,E 170 St & Clay Ave,204,204,0,408,0.0,0.025947596031544135
732,E 170 St & Sheridan Ave,296,282,14,578,0.03526448362720403,0.03675909437802086
733,E 170 St & Webster Ave,363,382,-19,745,-0.08296943231441048,0.047379801577206816
734,E 171 St & 3 Ave,186,186,0,372,0.0,0.02365810226405495
735,E 171 St & Webster Ave,177,180,-3,357,-0.013100436681222707,0.02270414652760112
736,E 174 St & Longfellow Ave,123,133,-10,256,-0.043668122270742356,0.016280844568812007
737,E 174 St & Walton Ave,124,127,-3,251,-0.013100436681222707,0.0159628593233274
738,E 182 St & Morris Ave,315,319,-4,634,-0.017467248908296942,0.04032052912744848
739,E 188 St & Creston Ave,272,282,-10,554,-0.043668122270742356,0.03523276519969473
740,E 19 St & 3 Ave,1999,2010,-11,4009,-0.048034934497816595,0.2549605698295599
741,E 2 St & Avenue A,3243,3283,-40,6526,-0.17467248908296942,0.4150343424065123
742,E 2 St & Avenue B,3674,3654,20,7328,0.05037783375314862,0.4660391757822437
743,E 2 St & Avenue C,2699,2666,33,5365,0.08312342569269521,0.341198168404986
744,E 20 St & 2 Ave,2897,2862,35,5759,0.08816120906801007,0.36625540574917326
745,E 20 St & FDR Dr,3325,3303,22,6628,0.055415617128463476,0.4215212414143984
746,E 20 St & Park Ave,2343,2359,-16,4702,-0.06986899563318777,0.2990333248537268
747,E 201 St & Briggs Ave,54,48,6,102,0.015113350125944584,0.006486899007886034
748,E 22 St & 2 Ave,2810,2807,3,5617,0.007556675062972292,0.35722462477741035
749,E 23 St & 1 Ave,3369,3364,5,6733,0.012594458438287154,0.42819893156957517
750,E 25 St & 1 Ave,2094,2089,5,4183,0.012594458438287154,0.26602645637242434
751,E 25 St & 2 Ave,3414,3422,-8,6836,-0.034934497816593885,0.4347494276265581
752,E 26 St & 3 Ave,2181,2183,-2,4364,-0.008733624454148471,0.27753752225896716
753,E 27 St & 1 Ave,3244,3256,-12,6500,-0.05240174672489083,0.41338081912999236
754,E 27 St & Park Ave S,2548,2583,-35,5131,-0.15283842794759825,0.3263164589163063
755,E 3 St & 1 Ave,2288,2321,-33,4609,-0.14410480349344978,0.29311879928771306
756,E 3 St & Church Ave,118,130,-12,248,-0.05240174672489083,0.015772068176036633
757,E 30 St & Park Ave S,2313,2347,-34,4660,-0.14847161572052403,0.29636224879165607
758,E 31 St & 3 Ave,3294,3296,-2,6590,-0.008733624454148471,0.41910455354871534
759,E 32 St & Park Ave,2761,2751,10,5512,0.02518891687657431,0.3505469346222335
760,E 33 St & 1 Ave,5572,5564,8,11136,0.020151133501259445,0.7082167387433224
761,E 33 St & 5 Ave,3262,3294,-32,6556,-0.13973799126637554,0.41694225387942
762,E 35 St & Madison Ave,1438,1454,-16,2892,-0.06986899563318777,0.18392266598829815
763,E 39 St & 2 Ave,3529,3544,-15,7073,-0.06550218340611354,0.4498219282625286
764,E 39 St & Lexington Ave,2299,2315,-16,4614,-0.06986899563318777,0.29343678453319766
765,E 4 St & 2 Ave,3449,3474,-25,6923,-0.1091703056768559,0.4402823708979903
766,E 4 St & Ave B,612,634,-22,1246,-0.09606986899563319,0.0792419231747647
767,E 40 St & 5 Ave,1651,1671,-20,3322,-0.08733624454148471,0.21126939709997455
768,E 40 St & Park Ave,5326,5387,-61,10713,-0.2663755458515284,0.6813151869753243
769,E 41 St & Madison Ave (SE corner),2335,2349,-14,4684,-0.0611353711790393,0.2978885779699822
770,E 41 St & Madison Ave (SW corner),2099,2118,-19,4217,-0.08296943231441048,0.26818875604171966
771,E 43 St & 2 Ave,1141,1139,2,2280,0.005037783375314861,0.14500127194098195
772,E 44 St & 2 Ave,1393,1399,-6,2792,-0.026200873362445413,0.17756296107860595
773,E 44 St & Lexington Ave,3750,3761,-11,7511,-0.048034934497816595,0.4776774357669804
774,E 45 St & 3 Ave,1373,1397,-24,2770,-0.10480349344978165,0.17616382599847366
775,E 47 St & 1 Ave,1499,1479,20,2978,0.05037783375314862,0.18939201221063343
776,E 47 St & 2 Ave,2509,2493,16,5002,0.04030226700251889,0.31811243958280333
777,E 47 St & Park Ave,3730,3790,-60,7520,-0.26200873362445415,0.4782498092088527
778,E 48 St & 3 Ave,1897,1899,-2,3796,-0.008733624454148471,0.24141439837191556
779,E 48 St & 5 Ave,2031,2076,-45,4107,-0.1965065502183406,0.26119308064105823
780,E 5 St & Ave A,2746,2765,-19,5511,-0.08296943231441048,0.3504833375731366
781,E 5 St & Avenue C,2057,2008,49,4065,0.12342569269521411,0.25852200457898755
782,E 50 St & Park Ave,1022,1037,-15,2059,-0.06550218340611354,0.1309463240905622
783,E 51 St & 1 Ave,1891,1888,3,3779,0.007556675062972292,0.24033324853726787
784,E 51 St & 2 Ave,1901,1899,2,3800,0.005037783375314861,0.24166878656830323
785,E 51 St & Lexington Ave,1603,1561,42,3164,0.10579345088161209,0.2012210633426609
786,E 53 St & 3 Ave,1988,2002,-14,3990,-0.0611353711790393,0.2537522258967184
787,E 53 St & Lexington Ave,2803,2800,3,5603,0.007556675062972292,0.3563342660900534
788,E 53 St & Madison Ave,2506,2535,-29,5041,-0.12663755458515283,0.3205927244975833
789,E 54 St & 1 Ave,1974,1986,-12,3960,-0.05240174672489083,0.2518443144238107
790,E 55 St & 2 Ave,3916,3922,-6,7838,-0.026200873362445413,0.4984736708216739
791,E 56 St & Madison Ave,2079,2100,-21,4179,-0.09170305676855896,0.26577206817603666
792,E 58 St & 1 Ave (NE Corner),1140,1118,22,2258,0.055415617128463476,0.14360213686084966
793,E 58 St & 1 Ave (NW Corner),2110,2117,-7,4227,-0.03056768558951965,0.2688247265326889
794,E 58 St & Madison Ave,1864,1844,20,3708,0.05037783375314862,0.23581785805138641
795,E 59 St & Madison Ave,2311,2325,-14,4636,-0.0611353711790393,0.29483591961332994
796,E 6 St & 2 Ave,642,676,-34,1318,-0.14847161572052403,0.08382091070974307
797,E 6 St & Avenue B,2629,2604,25,5233,0.06297229219143577,0.3328033579241923
798,E 6 St & Avenue D,2213,2187,26,4400,0.0654911838790932,0.2798270160264564
799,E 60 St & York Ave,808,799,9,1607,0.022670025188916875,0.1022004578987535
800,E 63 St & 3 Ave,853,815,38,1668,0.09571788413098237,0.10607987789366573
801,E 65 St & 2 Ave,1517,1522,-5,3039,-0.021834061135371178,0.19327143220554566
802,E 66 St & Madison Ave,880,892,-12,1772,-0.05240174672489083,0.11269397099974561
803,E 67 St & Park Ave,1063,1078,-15,2141,-0.06550218340611354,0.1361612821165098
804,E 68 St & 3 Ave,1625,1634,-9,3259,-0.039301310043668124,0.20726278300686848
805,E 68 St & Madison Ave,1015,1019,-4,2034,-0.017467248908296942,0.12935639786313916
806,E 7 St & Ave B,2278,2235,43,4513,0.10831234256926953,0.28701348257440856
807,E 7 St & Ave C,2251,2152,99,4403,0.24937027707808565,0.28001780717374714
808,E 7 St & Avenue A,3431,3430,1,6861,0.0025188916876574307,0.43633935385398115
809,E 72 St & Park Ave,1858,1887,-29,3745,-0.12663755458515283,0.23817094886797252
810,E 72 St & York Ave,3728,3745,-17,7473,-0.07423580786026202,0.47526074790129735
811,E 74 St & 1 Ave,2589,2583,6,5172,0.015113350125944584,0.3289239379292801
812,E 75 St & 3 Ave,1516,1530,-14,3046,-0.0611353711790393,0.19371661154922412
813,E 76 St & Park Ave,86,93,-7,179,-0.03056768558951965,0.01138387178834902
814,E 77 St & 3 Ave,2365,2359,6,4724,0.015113350125944584,0.3004324599338591
815,E 78 St & 2 Ave,1067,1085,-18,2152,-0.07860262008733625,0.13686084965657594
816,E 8 St & Caton Ave,280,288,-8,568,-0.034934497816593885,0.03612312388705164
817,E 80 St & 2 Ave,1566,1573,-7,3139,-0.03056768558951965,0.19963113711523786
818,E 81 St & 3 Ave,1516,1510,6,3026,0.015113350125944584,0.19244467056728568
819,E 81 St & Park Ave,1025,1010,15,2035,0.037783375314861464,0.12941999491223607
820,E 81 St & York Ave,1764,1778,-14,3542,-0.0611353711790393,0.22526074790129738
821,E 82 St & East End Ave,1320,1307,13,2627,0.0327455919395466,0.16706944797761383
822,E 84 St & 1 Ave,2576,2580,-4,5156,-0.017467248908296942,0.32790638514372933
823,E 84 St & Park Ave,1543,1541,2,3084,0.005037783375314861,0.19613329941490715
824,E 85 St & 3 Ave,3486,3515,-29,7001,-0.12663755458515283,0.4452429407275502
825,E 85 St & East End Ave,289,303,-14,592,-0.0611353711790393,0.037649453065377765
826,E 88 St & 1 Ave,2033,2034,-1,4067,-0.004366812227074236,0.2586491986771814
827,E 88 St & Park Ave,1468,1486,-18,2954,-0.07860262008733625,0.1878656830323073
828,E 89 St & 3 Ave,1579,1565,14,3144,0.03526448362720403,0.19994912236072246
829,E 89 St & York Ave,1859,1873,-14,3732,-0.0611353711790393,0.23734418722971254
830,E 9 St & 5 Ave,2277,2310,-33,4587,-0.14410480349344978,0.2917196642075808
831,E 9 St & Avenue C,2066,2071,-5,4137,-0.021834061135371178,0.2631009921139659
832,E 91 St & 2 Ave,2323,2311,12,4634,0.030226700251889168,0.2947087255151361
833,E 91 St & Park Ave,1587,1586,1,3173,0.0025188916876574307,0.2017934367845332
834,E 93 St & 2 Ave,1180,1185,-5,2365,-0.021834061135371178,0.1504070211142203
835,E 95 St & 3 Ave,1011,1011,0,2022,0.0,0.1285932332739761
836,E 97 St & 3 Ave,612,614,-2,1226,-0.008733624454148471,0.07796998219282625
837,E 97 St & Madison Ave,1516,1521,-5,3037,-0.021834061135371178,0.19314423810735182
838,E 98 St & Park Ave,629,636,-7,1265,-0.03056768558951965,0.08045026710760621
839,E Burnside Ave & Ryer Ave,219,225,-6,444,-0.026200873362445413,0.028237089799033326
840,E Fordham Rd & Webster Ave,516,525,-9,1041,-0.039301310043668124,0.0662045281098957
841,E Houston St & Columbia St,1967,1949,18,3916,0.04534005037783375,0.24904604426354618
842,E Mosholu Pkwy & E 204 St,30,33,-3,63,-0.013100436681222707,0.00400661409310608
843,E Mosholu Pkwy & Van Cortlandt Ave E,57,56,1,113,0.0025188916876574307,0.007186466547952175
844,E Tremont Ave & E 176 St,212,212,0,424,0.0,0.026965148817094886
845,E Tremont Ave & Jerome Ave,138,141,-3,279,-0.013100436681222707,0.017743576698041212
846,East End Ave & E 86 St,902,896,6,1798,0.015113350125944584,0.11434749427626559
847,Eastern Pkwy & Franklin Ave,1609,1499,110,3108,0.2770780856423174,0.19765962859323327
848,Eastern Pkwy & Kingston Ave,321,313,8,634,0.020151133501259445,0.04032052912744848
849,Eastern Pkwy & Ralph Ave,109,90,19,199,0.04785894206549118,0.01265581277028746
850,Eastern Pkwy & Rochester Ave,173,165,8,338,0.020151133501259445,0.021495802594759604
851,Eastern Pkwy & Troy Ave,253,238,15,491,0.037783375314861464,0.031226151106588655
852,Eastern Pkwy & Washington Ave,932,875,57,1807,0.14357682619647355,0.11491986771813788
853,Edgecombe Ave & W 141 St,526,498,28,1024,0.07052896725440806,0.06512337827524803
854,Edgecombe Ave & W 145 St,589,579,10,1168,0.02518891687657431,0.07428135334520478
855,Edgecombe Ave & W 150 St,128,105,23,233,0.05793450881612091,0.014818112439582804
856,Edgecombe Ave & W 167 St,149,137,12,286,0.030226700251889168,0.018188756041719663
857,Eldert St & Bushwick Ave,242,255,-13,497,-0.056768558951965066,0.031607733401170186
858,Emerson Pl & Myrtle Ave,1624,1607,17,3231,0.042821158690176324,0.20548206563215468
859,Engert Ave & McGuinness Blvd,429,429,0,858,0.0,0.054566268125158995
860,Evergreen Ave & Noll St,430,441,-11,871,-0.048034934497816595,0.05539302976341898
861,FDR Drive & E 35 St,2764,2744,20,5508,0.05037783375314862,0.35029254642584584
862,Faile St & Garrison Ave,43,24,19,67,0.04785894206549118,0.004261002289493767
863,Fairview Ave & Linden St,341,285,56,626,0.14105793450881612,0.03981175273467311
864,Featherbed Ln & Jerome Ave,106,110,-4,216,-0.017467248908296942,0.013736962604935132
865,Featherbed Ln & Nelson Ave,164,162,2,326,0.005037783375314861,0.020732638005596542
866,Flatbush Ave & Eastern Pkwy,133,101,32,234,0.08060453400503778,0.014881709488679725
867,Flatbush Ave & Ocean Ave,1377,1362,15,2739,0.037783375314861464,0.1741923174764691
868,Flushing Ave & Vanderbilt Ave,1584,1606,-22,3190,-0.09606986899563319,0.20287458661918087
869,Flushing Ave & Woodward Ave,409,414,-5,823,-0.021834061135371178,0.05234037140676673
870,Forest Ave & Summerfield St,462,458,4,920,0.010075566750629723,0.05850928516916815
871,Forsyth St & Broome St,2284,2334,-50,4618,-0.2183406113537118,0.29369117272958534
872,Forsyth St & Canal St,2299,2330,-31,4629,-0.13537117903930132,0.2943907402696515
873,Forsyth St & Grand St,3722,3730,-8,7452,-0.034934497816593885,0.47392520987026204
874,Fort Washington Ave & W 173 St,250,241,9,491,0.022670025188916875,0.031226151106588655
875,Fort Washington Ave & W 183 St,262,202,60,464,0.15113350125944586,0.02950903078097176
876,Franklin Ave & E 169 St,270,263,7,533,0.017632241813602016,0.03389722716865937
877,Franklin Ave & Myrtle Ave,515,516,-1,1031,-0.004366812227074236,0.06556855761892648
878,Franklin Ave & St Marks Ave,1172,989,183,2161,0.4609571788413098,0.13743322309844824
879,Franklin St & Dupont St,2036,2043,-7,4079,-0.03056768558951965,0.2594123632663444
880,Franklin St & W Broadway,886,898,-12,1784,-0.05240174672489083,0.11345713558890867
881,Frederick Douglass Blvd & Harlem River Dr,158,154,4,312,0.010075566750629723,0.019842279318239633
882,Frederick Douglass Blvd & W 112 St,2018,2000,18,4018,0.04534005037783375,0.2555329432714322
883,Frederick Douglass Blvd & W 115 St,1335,1326,9,2661,0.022670025188916875,0.16923174764690918
884,Frederick Douglass Blvd & W 117 St,2093,2089,4,4182,0.010075566750629723,0.2659628593233274
885,Frederick Douglass Blvd & W 129 St,431,421,10,852,0.02518891687657431,0.054184685830577464
886,Frederick Douglass Blvd & W 139 St,356,362,-6,718,-0.026200873362445413,0.045662681251589926
887,Frederick Douglass Blvd & W 145 St,523,520,3,1043,0.007556675062972292,0.06633172220808954
888,Freeman St & Reverend James A Polite Ave,60,65,-5,125,-0.021834061135371178,0.007949631137115238
889,Freeman St & Southern Blvd,190,190,0,380,0.0,0.024166878656830322
890,Front St & Gold St,596,603,-7,1199,-0.03056768558951965,0.07625286186720936
891,Front St & Jay St,1421,1434,-13,2855,-0.056768558951965066,0.18156957517171204
892,Frost St & Debevoise Ave,306,297,9,603,0.022670025188916875,0.03834902060544391
893,Frost St & Meeker Ave,551,556,-5,1107,-0.021834061135371178,0.07040193335029254
894,Ft. Hamilton Pkwy & E 2 St,322,333,-11,655,-0.048034934497816595,0.04165606715848385
895,Ft. Hamilton Pkwy & E 5 St,312,318,-6,630,-0.026200873362445413,0.0400661409310608
896,Ft. Washington Ave & W 190 St,102,96,6,198,0.015113350125944584,0.012592215721190536
897,Fulton Ave & E 168 St,234,230,4,464,0.010075566750629723,0.02950903078097176
898,Fulton Ave & E 172 St,215,210,5,425,0.012594458438287154,0.02702874586619181
899,Fulton Ave & St. Paul's Pl,310,314,-4,624,-0.017467248908296942,0.03968455863647927
900,Fulton St & Adams St,1797,1850,-53,3647,-0.2314410480349345,0.23193843805647418
901,Fulton St & Broadway,1696,1729,-33,3425,-0.14410480349344978,0.21781989315695752
902,Fulton St & Clermont Ave,712,692,20,1404,0.05037783375314862,0.08929025693207836
903,Fulton St & Irving Pl,979,992,-13,1971,-0.056768558951965066,0.12534978377003306
904,Fulton St & Saratoga Ave,71,74,-3,145,-0.013100436681222707,0.009221572119053676
905,Fulton St & Utica Ave,459,458,1,917,0.0025188916876574307,0.05831849402187739
906,Fulton St & Waverly Ave,1361,1355,6,2716,0.015113350125944584,0.1727295853472399
907,Fulton St & William St,1370,1378,-8,2748,-0.034934497816593885,0.17476469091834138
908,Gansevoort St & Hudson St,1744,1758,-14,3502,-0.0611353711790393,0.22271686593742052
909,Garfield Pl & 8 Ave,1202,1208,-6,2410,-0.026200873362445413,0.1532688883235818
910,Garrison Ave & Manida St,63,57,6,120,0.015113350125944584,0.007631645891630628
911,George St & Wilson Ave,535,534,1,1069,0.0025188916876574307,0.06798524548460952
912,Gerard Ave & E 146 St,134,141,-7,275,-0.03056768558951965,0.017489188501653524
913,Gerard Ave & E 164 St,128,120,8,248,0.020151133501259445,0.015772068176036633
914,Gerard Ave & E 165 St,90,85,5,175,0.012594458438287154,0.011129483591961333
915,Gerard Ave & McClellan St,97,93,4,190,0.010075566750629723,0.012083439328415161
916,Goble Pl & Macombs Rd,220,234,-14,454,-0.0611353711790393,0.028873060290002545
917,Goulden Ave & Bedford Park Blvd W,84,92,-8,176,-0.034934497816593885,0.011193080641058254
918,Goulden Ave & W 197 St,95,91,4,186,0.010075566750629723,0.011829051132027474
919,Goulden Ave & W 205 St,227,238,-11,465,-0.048034934497816595,0.029572627830068685
920,Graham Ave & Conselyea St,1779,1776,3,3555,0.007556675062972292,0.22608750953955736
921,Graham Ave & Grand St,1226,1230,-4,2456,-0.017467248908296942,0.1561943525820402
922,Graham Ave & Herbert St,458,452,6,910,0.015113350125944584,0.05787331467819893
923,Graham Ave & Withers St,789,783,6,1572,0.015113350125944584,0.09997456118036123
924,Gramercy Park N & Gramercy Park E,2078,2080,-2,4158,-0.008733624454148471,0.2644365301450013
925,Grand Army Plaza & Central Park S,4624,4683,-59,9307,-0.2576419213973799,0.5918977359450521
926,Grand Army Plaza & Plaza St West,1139,1110,29,2249,0.07304785894206549,0.14302976341897736
927,Grand Ave & Bergen St,1115,1070,45,2185,0.11335012594458438,0.13895955227677437
928,Grand Ave & W 181 St,179,185,-6,364,-0.026200873362445413,0.02314932587127957
929,Grand Ave & W Fordham Rd,152,141,11,293,0.027707808564231738,0.018633935385398117
930,Grand Concourse & E 144 St,459,465,-6,924,-0.026200873362445413,0.05876367336555584
931,Grand Concourse & E 156 St,253,246,7,499,0.017632241813602016,0.03173492749936403
932,Grand Concourse & E 161 St,679,684,-5,1363,-0.021834061135371178,0.08668277791910456
933,Grand Concourse & E 164 St,348,339,9,687,0.022670025188916875,0.043691172729585344
934,Grand Concourse & E 166 St,426,419,7,845,0.017632241813602016,0.05373950648689901
935,Grand Concourse & E 167 St,432,419,13,851,0.0327455919395466,0.05412108878148054
936,Grand Concourse & E 171 St,205,188,17,393,0.042821158690176324,0.024993640295090307
937,Grand Concourse & E 175 St,77,55,22,132,0.055415617128463476,0.00839481048079369
938,Grand Concourse & E 192 St,169,163,6,332,0.015113350125944584,0.021114220300178073
939,Grand Concourse & E 196 St,221,210,11,431,0.027707808564231738,0.02741032816077334
940,Grand Concourse & E 197 St,210,212,-2,422,-0.008733624454148471,0.026837954718901044
941,Grand Concourse & E 199 St,147,140,7,287,0.017632241813602016,0.018252353090816586
942,Grand Concourse & E 203 St,69,68,1,137,0.0025188916876574307,0.0087127957262783
943,Grand Concourse & E 205 St,117,122,-5,239,-0.021834061135371178,0.015199694734164335
944,Grand Concourse & E Mosholu Pkwy S,58,64,-6,122,-0.026200873362445413,0.007758839989824472
945,Grand Concourse & East Mount Eden Ave,300,304,-4,604,-0.017467248908296942,0.03841261765454083
946,Grand St & Elizabeth St,4331,4353,-22,8684,-0.09606986899563319,0.5522767743576698
947,Grand St & Greene St,1658,1687,-29,3345,-0.12663755458515283,0.21273212922920376
948,Grand St & Havemeyer St,1427,1441,-14,2868,-0.0611353711790393,0.18239633680997203
949,Grand St & Samuel Dickstein Plaza,2132,1963,169,4095,0.4256926952141058,0.2604299160518952
950,Great Jones St,3647,3668,-21,7315,-0.09170305676855896,0.46521241414398373
951,Green St & McGuinness Blvd,245,238,7,483,0.017632241813602016,0.030717374713813278
952,Greene Av & Myrtle Av,529,554,-25,1083,-0.1091703056768559,0.06887560417196642
953,Greene Ave & Grandview Ave,358,360,-2,718,-0.008733624454148471,0.045662681251589926
954,Greene Ave & Nostrand Ave,859,823,36,1682,0.0906801007556675,0.10697023658102264
955,Greene Ave & Throop Ave,831,821,10,1652,0.02518891687657431,0.10506232510811499
956,Greene St & Prince St,1563,1603,-40,3166,-0.17467248908296942,0.20134825744085474
957,Greenpoint Ave & 47 St,318,321,-3,639,-0.013100436681222707,0.040638514372933095
958,Greenpoint Ave & Manhattan Ave,1396,1402,-6,2798,-0.026200873362445413,0.1779445433731875
959,Greenwich Ave & 8 Ave,1682,1725,-43,3407,-0.18777292576419213,0.2166751462732129
960,Greenwich St & Hubert St,1824,1931,-107,3755,-0.4672489082969432,0.23880691935894174
961,Greenwich St & Perry St,1847,1864,-17,3711,-0.07423580786026202,0.23600864919867717
962,Greenwich St & Rector St,396,436,-40,832,-0.17467248908296942,0.052912744848639025
963,Greenwich St & W Houston St,1982,2080,-98,4062,-0.4279475982532751,0.2583312134316968
964,Greenwood Ave & E 4 St,192,200,-8,392,-0.034934497816593885,0.024930043245993384
965,Grove St & Broadway,706,698,8,1404,0.020151133501259445,0.08929025693207836
966,Halsey St & Broadway,319,303,16,622,0.04030226700251889,0.03955736453828542
967,Halsey St & Evergreen Ave,203,201,2,404,0.005037783375314861,0.02569320783515645
968,Halsey St & Ralph Ave,158,153,5,311,0.012594458438287154,0.01977868226914271
969,Halsey St & Tompkins Ave,807,822,-15,1629,-0.06550218340611354,0.10359959297888578
970,Hamilton Pl & W 140 St,243,241,2,484,0.005037783375314861,0.0307809717629102
971,Hancock St & Bedford Ave,843,803,40,1646,0.10075566750629723,0.10468074281353346
972,Hancock St & Malcolm X Blvd,336,346,-10,682,-0.043668122270742356,0.04337318748410074
973,Hancock St & Stuyvesant Ave,269,267,2,536,0.005037783375314861,0.03408801831595014
974,Hancock St & Wyckoff Ave,235,223,12,458,0.030226700251889168,0.02912744848639023
975,Hanson Pl & Ashland Pl,3122,3149,-27,6271,-0.11790393013100436,0.39881709488679723
976,Harlem River Dr & W 155 St,153,156,-3,309,-0.013100436681222707,0.019651488170948868
977,Harman St & Seneca Ave,265,269,-4,534,-0.017467248908296942,0.03396082421775629
978,Harrison Pl & Porter Ave,156,162,-6,318,-0.026200873362445413,0.020223861612821165
979,Harrison St & Hudson St,637,629,8,1266,0.020151133501259445,0.08051386415670313
980,Hart St & Wyckoff Ave,287,305,-18,592,-0.07860262008733625,0.037649453065377765
981,Hazen St & 20 Ave,180,179,1,359,0.0025188916876574307,0.022831340625794963
982,Henry St & Atlantic Ave,1306,1291,15,2597,0.037783375314861464,0.1651615365047062
983,Henry St & Bay St,146,164,-18,310,-0.07860262008733625,0.01971508522004579
984,Henry St & Degraw St,1154,1137,17,2291,0.042821158690176324,0.1457008394810481
985,Henry St & Grand St,3662,3627,35,7289,0.08816120906801007,0.46355889086746377
986,Henry St & Middagh St,617,635,-18,1252,-0.07860262008733625,0.07962350546934623
987,Henry St & Remsen St,668,662,6,1330,0.015113350125944584,0.08458407529890613
988,Henry St & W 9 St,121,126,-5,247,-0.021834061135371178,0.01570847112693971
989,Herkimer St & Eastern Pkwy,37,38,-1,75,-0.004366812227074236,0.004769778682269143
990,Herkimer St & New York Ave,296,234,62,530,0.1561712846347607,0.03370643602136861
991,Hicks St & Montague St,1396,1379,17,2775,0.042821158690176324,0.1764818112439583
992,Hoe Ave & Jennings St,195,193,2,388,0.005037783375314861,0.0246756550496057
993,Home St & Westchester Ave,291,293,-2,584,-0.008733624454148471,0.03714067667260239
994,Hope St & Union Ave,1507,1515,-8,3022,-0.034934497816593885,0.192190282370898
995,Howard St & Lafayette St,1525,1551,-26,3076,-0.11353711790393013,0.19562452302213176
996,Hoyt St & Warren St,271,273,-2,544,-0.008733624454148471,0.034596794708725516
997,Hudson St & Reade St,1644,1685,-41,3329,-0.17903930131004367,0.21171457644365302
998,Hudson St & W 13 St,2214,2229,-15,4443,-0.06550218340611354,0.28256168913762403
999,Humboldt St & Varet St,475,468,7,943,0.017632241813602016,0.05997201729839735
1000,Hunts Point Ave & Bryant Ave,67,64,3,131,0.007556675062972292,0.008331213431696769
1001,Huron St & Franklin St,1280,1287,-7,2567,-0.03056768558951965,0.16325362503179852
1002,Icahn Stadium,222,221,1,443,0.0025188916876574307,0.028173492749936403
1003,India St & Manhattan Ave,1314,1361,-47,2675,-0.2052401746724891,0.17012210633426608
1004,India St Pier,711,725,-14,1436,-0.0611353711790393,0.09132536250317985
1005,Intervale Ave & Kelly St,100,109,-9,209,-0.039301310043668124,0.013291783261256677
1006,Intervale Ave & Westchester Ave,181,181,0,362,0.0,0.02302213177308573
1007,Inwood Ave & W 170 St,62,65,-3,127,-0.013100436681222707,0.008076825235309082
1008,Irving Ave & DeKalb Ave,436,460,-24,896,-0.10480349344978165,0.05698295599084203
1009,Irving Ave & Halsey St,300,278,22,578,0.055415617128463476,0.03675909437802086
1010,Irving Ave & Harman St,394,409,-15,803,-0.06550218340611354,0.05106843042482829
1011,Irving Ave & Jefferson St,485,491,-6,976,-0.026200873362445413,0.06207071991859578
1012,Irving Ave & Palmetto St,229,235,-6,464,-0.026200873362445413,0.02950903078097176
1013,Isham St & Broadway,268,272,-4,540,-0.017467248908296942,0.03434240651233783
1014,Jackson Ave & 46 Rd,994,999,-5,1993,-0.021834061135371178,0.12674891885016534
1015,Jackson St & Leonard St,451,450,1,901,0.0025188916876574307,0.05730094123632663
1016,Jay St & Tech Pl,1179,1193,-14,2372,-0.0611353711790393,0.15085220045789877
1017,Jay St & York St,1513,1572,-59,3085,-0.2576419213973799,0.19619689646400407
1018,Jefferson Ave & Evergreen Ave,344,326,18,670,0.04534005037783375,0.04261002289493768
1019,Jefferson St & Cypress Ave,327,331,-4,658,-0.017467248908296942,0.041846858305774615
1020,Jerome Ave & Anderson Ave,107,112,-5,219,-0.021834061135371178,0.013927753752225897
1021,Jerome Ave & Bedford Park Blvd E,296,300,-4,596,-0.017467248908296942,0.03790384126176546
1022,Jerome Ave & E 164 St,100,102,-2,202,-0.008733624454148471,0.012846603917578225
1023,Jerome Ave & E 181 St,42,39,3,81,0.007556675062972292,0.005151360976850674
1024,Jerome Ave & E 198 St,77,80,-3,157,-0.013100436681222707,0.009984736708216738
1025,Jerome Ave & E Mosholu Parkway S,212,206,6,418,0.015113350125944584,0.026583566522513355
1026,Jerome Ave & Ogden Ave,127,120,7,247,0.017632241813602016,0.01570847112693971
1027,Jerome Ave & W 177 St,125,121,4,246,0.010075566750629723,0.015644874077842787
1028,Jerome Ave & W 184 St,103,107,-4,210,-0.017467248908296942,0.013355380310353599
1029,Jerome Ave & W 193 St,259,263,-4,522,-0.017467248908296942,0.03319765962859323
1030,Jerome Ave & W 195 St,213,205,8,418,0.020151133501259445,0.026583566522513355
1031,Jerome Ave & W Fordham Rd,235,238,-3,473,-0.013100436681222707,0.030081404222844062
1032,John St & William St,1210,1213,-3,2423,-0.013100436681222707,0.15409564996184177
1033,Johnson St & Gold St,766,777,-11,1543,-0.048034934497816595,0.0981302467565505
1034,Kane St & Clinton St,1090,1075,15,2165,0.037783375314861464,0.13768761129483592
1035,Keegan Rd & 2 Ave,30,45,-15,75,-0.06550218340611354,0.004769778682269143
1036,Kenmare St & Elizabeth St,1710,1729,-19,3439,-0.08296943231441048,0.21871025184431442
1037,Kent Ave & Division Ave,751,772,-21,1523,-0.09170305676855896,0.09685830577461206
1038,Kent Ave & N 7 St,2193,2226,-33,4419,-0.14410480349344978,0.2810353599592979
1039,Kent St & McGuinness Blvd,240,247,-7,487,-0.03056768558951965,0.030971762910200967
1040,King St & Varick St,1618,1638,-20,3256,-0.08733624454148471,0.20707199185957773
1041,Kingsland Ave & Nassau Ave,1322,1322,0,2644,0.0,0.16815059781226152
1042,Kingston Ave & Herkimer St,472,448,24,920,0.060453400503778336,0.05850928516916815
1043,Kingston Ave & Park Pl,296,240,56,536,0.14105793450881612,0.03408801831595014
1044,Knickerbocker Ave & George St,384,382,2,766,0.005037783375314861,0.048715339608242175
1045,Knickerbocker Ave & Halsey St,255,258,-3,513,-0.013100436681222707,0.032625286186720934
1046,Knickerbocker Ave & Hancock St,295,219,76,514,0.19143576826196473,0.03268888323581786
1047,Knickerbocker Ave & Moffat St,199,193,6,392,0.015113350125944584,0.024930043245993384
1048,Knickerbocker Ave & Thames St,341,343,-2,684,-0.008733624454148471,0.04350038158229458
1049,Kosciuszko St & Nostrand Ave,713,699,14,1412,0.03526448362720403,0.08979903332485373
1050,Kosciuszko St & Tompkins Ave,931,931,0,1862,0.0,0.11841770541846858
1051,LaGuardia Pl & W 3 St,2594,2629,-35,5223,-0.15283842794759825,0.3321673874332231
1052,Lafayette Ave & Classon Ave,1072,1058,14,2130,0.03526448362720403,0.13546171457644365
1053,Lafayette Ave & Ft Greene Pl,2096,2135,-39,4231,-0.1703056768558952,0.2690791147290766
1054,Lafayette Ave & Hunts Point Ave,162,162,0,324,0.0,0.020605443907402696
1055,Lafayette Ave & St James Pl,1164,1137,27,2301,0.06801007556675064,0.1463368099720173
1056,Lafayette Ave & Stuyvesant Ave,237,241,-4,478,-0.017467248908296942,0.03039938946832867
1057,Lafayette St & E 8 St,4178,4219,-41,8397,-0.17903930131004367,0.5340244212668532
1058,Lafayette St & Jersey St,2772,2787,-15,5559,-0.06550218340611354,0.35353599592978885
1059,Laight St & Hudson St,455,463,-8,918,-0.034934497816593885,0.05838209107097431
1060,Lawrence St & Willoughby St,1814,1838,-24,3652,-0.10480349344978165,0.23225642330195878
1061,Lefferts Pl & Franklin Ave,949,909,40,1858,0.10075566750629723,0.1181633172220809
1062,Lenox Ave & W 111 St,1645,1638,7,3283,0.017632241813602016,0.2087891121851946
1063,Lenox Ave & W 115 St,687,681,6,1368,0.015113350125944584,0.08700076316458916
1064,Lenox Ave & W 117 St,1718,1714,4,3432,0.010075566750629723,0.21826507250063598
1065,Lenox Ave & W 126 St,1726,1747,-21,3473,-0.09170305676855896,0.22087255151360977
1066,Lenox Ave & W 130 St,773,781,-8,1554,-0.034934497816593885,0.09882981429661664
1067,Lenox Ave & W 133 St,593,607,-14,1200,-0.0611353711790393,0.07631645891630628
1068,Lenox Ave & W 140 St,527,531,-4,1058,-0.017467248908296942,0.06728567794454338
1069,Lenox Ave & W 144 St,279,281,-2,560,-0.008733624454148471,0.03561434749427626
1070,Lenox Ave & W 146 St,264,267,-3,531,-0.013100436681222707,0.03377003307046553
1071,Leonard St & Boerum St,517,517,0,1034,0.0,0.06575934876621725
1072,Leonard St & Church St,1623,1672,-49,3295,-0.21397379912663755,0.20955227677435767
1073,Leonard St & Maujer St,1097,1081,16,2178,0.04030226700251889,0.1385143729330959
1074,Leonard St & Nassau Ave,1177,1177,0,2354,0.0,0.14970745357415416
1075,Lewis Ave & Decatur St,336,329,7,665,0.017632241813602016,0.042292037649453065
1076,Lewis Ave & Greene Ave,433,430,3,863,0.007556675062972292,0.0548842533706436
1077,Lewis Ave & Kosciuszko St,701,602,99,1303,0.24937027707808565,0.08286695497328923
1078,Lewis Ave & Madison St,709,636,73,1345,0.18387909319899245,0.08553803103535997
1079,Lexington Ave & Classon Ave,1047,1017,30,2064,0.07556675062972293,0.1312643093360468
1080,Lexington Ave & E 111 St,1513,1517,-4,3030,-0.017467248908296942,0.19269905876367335
1081,Lexington Ave & E 120 St,698,692,6,1390,0.015113350125944584,0.08839989824472144
1082,Lexington Ave & E 127 St,427,440,-13,867,-0.056768558951965066,0.05513864156703129
1083,Lexington Ave & E 128 St,253,249,4,502,0.010075566750629723,0.0319257186466548
1084,Lexington Ave & E 24 St,3660,3700,-40,7360,-0.17467248908296942,0.4680742813533452
1085,Lexington Ave & E 26 St,1609,1633,-24,3242,-0.10480349344978165,0.2061816331722208
1086,Lexington Ave & E 29 St,2266,2278,-12,4544,-0.05240174672489083,0.2889849910964131
1087,Lexington Ave & E 36 St,2424,2429,-5,4853,-0.021834061135371178,0.308636479267362
1088,Lexington Ave & Stuyvesant Ave,9,11,-2,20,-0.008733624454148471,0.0012719409819384382
1089,Liberty St & Broadway,1586,1629,-43,3215,-0.18777292576419213,0.2044645128466039
1090,Lincoln Ave & E 134 St,251,242,9,493,0.022670025188916875,0.0313533452047825
1091,Lincoln Ave & E 138 St,609,615,-6,1224,-0.026200873362445413,0.07784278809463241
1092,Lincoln Pl & Classon Ave,848,655,193,1503,0.48614609571788414,0.09558636479267361
1093,Lincoln Pl & Nostrand Ave,17,25,-8,42,-0.034934497816593885,0.0026710760620707198
1094,Linden St & Knickerbocker Ave,206,212,-6,418,-0.026200873362445413,0.026583566522513355
1095,Lispenard St & Broadway,1809,1836,-27,3645,-0.11790393013100436,0.23181124395828034
1096,Little West St & 1 Pl,1559,1586,-27,3145,-0.11790393013100436,0.20001271940981938
1097,Longfellow Ave & E 165 St,52,52,0,104,0.0,0.006614093106079878
1098,Longwood Ave & Southern Blvd,188,201,-13,389,-0.056768558951965066,0.02473925209870262
1099,Lorimer St & Broadway,361,364,-3,725,-0.013100436681222707,0.04610786059526838
1100,Loring Pl North & W 183 St,84,79,5,163,0.012594458438287154,0.010366319002798271
1101,Louis Nine Blvd & Intervale Ave,153,155,-2,308,-0.008733624454148471,0.019587891121851945
1102,MacDonough St & Malcolm X Blvd,152,135,17,287,0.042821158690176324,0.018252353090816586
1103,MacDonough St & Marcy Ave,363,340,23,703,0.05793450881612091,0.0447087255151361
1104,MacDougal St & Prince St,2352,2378,-26,4730,-0.11353711790393013,0.3008140422284406
1105,MacDougal St & Rockaway Ave,110,101,9,211,0.022670025188916875,0.013418977359450522
1106,MacDougal St & Washington Sq,1707,1710,-3,3417,-0.013100436681222707,0.21731111676418213
1107,Macombs Pl & W 152 St,208,189,19,397,0.04785894206549118,0.025248028491477996
1108,Macombs Rd & Featherbed Ln,149,153,-4,302,-0.017467248908296942,0.019206308827270414
1109,Macombs Rd & W 175 St,188,196,-8,384,-0.034934497816593885,0.02442126685321801
1110,Macon St & Howard Ave,149,130,19,279,0.04785894206549118,0.017743576698041212
1111,Macon St & Lewis Ave,296,287,9,583,0.022670025188916875,0.03707707962350547
1112,Macon St & Nostrand Ave,1080,1067,13,2147,0.0327455919395466,0.1365428644110913
1113,Macon St & Patchen Ave,159,155,4,314,0.010075566750629723,0.019969473416433476
1114,Madison Av & E 51 St,2360,2406,-46,4766,-0.20087336244541484,0.30310353599592976
1115,Madison Ave & E 120 St,746,723,23,1469,0.05793450881612091,0.09342406512337828
1116,Madison Ave & E 26 St,2470,2485,-15,4955,-0.06550218340611354,0.31512337827524806
1117,Madison Ave & E 82 St,1587,1611,-24,3198,-0.10480349344978165,0.20338336301195625
1118,Madison Ave & E 99 St,1466,1460,6,2926,0.015113350125944584,0.1860849656575935
1119,Madison St & Clinton St,1055,1033,22,2088,0.055415617128463476,0.13279063851437292
1120,Madison St & Cypress Ave,245,233,12,478,0.030226700251889168,0.03039938946832867
1121,Madison St & Evergreen Ave,415,389,26,804,0.0654911838790932,0.05113202747392521
1122,Madison St & Forest Ave,393,388,5,781,0.012594458438287154,0.049669295344696
1123,Madison St & Malcolm X Blvd,313,227,86,540,0.21662468513853905,0.03434240651233783
1124,Madison St & Montgomery St,1302,1282,20,2584,0.05037783375314862,0.1643347748664462
1125,Madison St & Seneca Ave,252,263,-11,515,-0.048034934497816595,0.03275248028491478
1126,Madison St & Woodward Ave,362,328,34,690,0.08564231738035265,0.043881963876876116
1127,Maiden Ln & Pearl St,809,819,-10,1628,-0.043668122270742356,0.10353599592978886
1128,Main St & Plymouth St,900,919,-19,1819,-0.08296943231441048,0.11568303230730094
1129,Malcolm X Blvd & DeKalb Ave,300,275,25,575,0.06297229219143577,0.03656830323073009
1130,Manhattan Av & Leonard St,425,429,-4,854,-0.017467248908296942,0.0543118799287713
1131,Marcus Garvey Blvd & Macon St,486,488,-2,974,-0.008733624454148471,0.06194352582040193
1132,Marcy Ave & Lafayette Ave,639,644,-5,1283,-0.021834061135371178,0.0815950139913508
1133,Margaret Corbin Plz & Ft Washington Ave,87,78,9,165,0.022670025188916875,0.010493513100992113
1134,Marion Ave & Mosholu Pkwy,78,87,-9,165,-0.039301310043668124,0.010493513100992113
1135,Market St & Cherry St,994,1000,-6,1994,-0.026200873362445413,0.12681251589926226
1136,Market St & Henry St,1768,1791,-23,3559,-0.10043668122270742,0.22634189773594504
1137,McDonald Ave & Vanderbilt St,109,104,5,213,0.012594458438287154,0.013546171457644366
1138,McGuinness Blvd & Eagle St,1342,1298,44,2640,0.11083123425692695,0.16789620961587381
1139,McKibbin St & Bogart St,604,619,-15,1223,-0.06550218340611354,0.07777919104553549
1140,McKibbin St & Manhattan Ave,558,548,10,1106,0.02518891687657431,0.07033833630119563
1141,Melrose Ave & E 150 St,987,995,-8,1982,-0.034934497816593885,0.1260493513100992
1142,Melrose Ave & E 154 St,189,187,2,376,0.005037783375314861,0.023912490460442637
1143,Melrose St & Broadway,818,830,-12,1648,-0.05240174672489083,0.1048079369117273
1144,Menahan St & Central Ave,280,283,-3,563,-0.013100436681222707,0.03580513864156703
1145,Menahan St & Onderdonk Ave,271,222,49,493,0.12342569269521411,0.0313533452047825
1146,Menahan St & Seneca Ave,220,197,23,417,0.05793450881612091,0.026519969473416432
1147,Menahan St & Wyckoff Ave,240,247,-7,487,-0.03056768558951965,0.030971762910200967
1148,Mercer St & Bleecker St,1994,2047,-53,4041,-0.2314410480349345,0.2569956754006614
1149,Mercer St & Spring St,1969,2001,-32,3970,-0.13973799126637554,0.25248028491478
1150,Meserole Ave & Manhattan Ave,1498,1509,-11,3007,-0.048034934497816595,0.19123632663444415
1151,Metropolitan Ave & Bedford Ave,2754,2761,-7,5515,-0.03056768558951965,0.3507377257695243
1152,Metropolitan Ave & Meeker Ave,1220,1244,-24,2464,-0.10480349344978165,0.15670312897481556
1153,Metropolitan Ave & Stewart Ave,151,160,-9,311,-0.039301310043668124,0.01977868226914271
1154,Metropolitan Ave & Vandervoort Ave,99,104,-5,203,-0.021834061135371178,0.012910200966675146
1155,Milton St & Franklin St,1780,1797,-17,3577,-0.07423580786026202,0.22748664461968965
1156,Moffat St & Bushwick,181,187,-6,368,-0.026200873362445413,0.02340371406766726
1157,Monroe St & Bedford Ave,1372,1362,10,2734,0.02518891687657431,0.17387433223098447
1158,Monroe St & Classon Ave,563,559,4,1122,0.010075566750629723,0.07135588908674638
1159,Monroe St & Marcus Garvey Blvd,253,226,27,479,0.06801007556675064,0.030462986517425593
1160,Monroe St & Patchen Ave,272,245,27,517,0.06801007556675064,0.032879674383108626
1161,Monroe St & Tompkins Ave,1158,1158,0,2316,0.0,0.14729076570847113
1162,Montague St & Clinton St,1577,1572,5,3149,0.012594458438287154,0.20026710760620708
1163,Montgomery St & Franklin Ave,199,204,-5,403,-0.021834061135371178,0.025629610786059527
1164,Montrose Ave & Bushwick Ave,1365,1356,9,2721,0.022670025188916875,0.1730475705927245
1165,Morgan Ave & Lombardy St,638,603,35,1241,0.08816120906801007,0.07892393792928008
1166,Morgan Ave & Maspeth Ave,193,191,2,384,0.005037783375314861,0.02442126685321801
1167,Morgan Loading Docks,12,65,-53,77,-0.2314410480349345,0.004896972780462986
1168,Morningside Ave & W 123 St,793,784,9,1577,0.022670025188916875,0.10029254642584584
1169,Morningside Dr & Amsterdam Ave,398,361,37,759,0.09319899244332494,0.048270160264563725
1170,Morris Ave & E 142 St,350,346,4,696,0.010075566750629723,0.04426354617145765
1171,Morris Ave & E 153 St,226,227,-1,453,-0.004366812227074236,0.028809463240905622
1172,Morris Ave & E 163 St,522,529,-7,1051,-0.03056768558951965,0.06684049860086493
1173,Morris Ave & E 171 St,99,101,-2,200,-0.008733624454148471,0.01271940981938438
1174,Morris Ave & E 184 St,100,95,5,195,0.012594458438287154,0.012401424573899771
1175,Morris Ave & E Burnside Ave,118,117,1,235,0.0025188916876574307,0.014945306537776646
1176,Morris Ave & McClellan St,288,291,-3,579,-0.013100436681222707,0.03682269142711778
1177,Morton St & Washington St,1193,1242,-49,2435,-0.21397379912663755,0.15485881455100484
1178,Morton St & West St,1798,1823,-25,3621,-0.1091703056768559,0.23028491477995422
1179,Motorgate,709,722,-13,1431,-0.056768558951965066,0.09100737725769524
1180,Mott St & Prince St,2428,2461,-33,4889,-0.14410480349344978,0.3109259730348512
1181,Mount Eden Pkwy & Eastburn Ave,154,157,-3,311,-0.013100436681222707,0.01977868226914271
1182,Mt Morris Park W & W 120 St,789,790,-1,1579,-0.004366812227074236,0.10041974052403968
1183,Murray St & Greenwich St,2058,2072,-14,4130,-0.0611353711790393,0.26265581277028743
1184,Murray St & West St,1326,1367,-41,2693,-0.17903930131004367,0.1712668532180107
1185,Myrtle Ave & Fleet Pl,951,959,-8,1910,-0.034934497816593885,0.12147036377512084
1186,Myrtle Ave & Grove St,145,148,-3,293,-0.013100436681222707,0.018633935385398117
1187,Myrtle Ave & Lewis Ave,815,812,3,1627,0.007556675062972292,0.10347239888069193
1188,Myrtle Ave & Linden St,173,143,30,316,0.07556675062972293,0.020096667514627322
1189,Myrtle Ave & Marcy Ave,707,677,30,1384,0.07556675062972293,0.08801831595013991
1190,Myrtle Ave & St Edwards St,664,673,-9,1337,-0.039301310043668124,0.08502925464258458
1191,N 11 St & Kent Ave,707,726,-19,1433,-0.08296943231441048,0.0911345713558891
1192,N 12 St & Bedford Ave,1660,1670,-10,3330,-0.043668122270742356,0.21177817349274994
1193,N 15 St & Wythe Ave,649,671,-22,1320,-0.09606986899563319,0.08394810480793691
1194,N 6 St & Bedford Ave,3057,3079,-22,6136,-0.09606986899563319,0.3902314932587128
1195,N Moore St & Hudson St,1031,1000,31,2031,0.07808564231738035,0.1291656067158484
1196,Nagle Ave & Ellwood St,270,276,-6,546,-0.026200873362445413,0.03472398880691936
1197,Nagle Ave & Thayer St,239,242,-3,481,-0.013100436681222707,0.030590180615619435
1198,Nassau Ave & Newell St,829,873,-44,1702,-0.19213973799126638,0.10824217756296108
1199,Nassau Ave & Russell St,1292,1276,16,2568,0.04030226700251889,0.16331722208089544
1200,Nassau St & Duffield St,661,655,6,1316,0.015113350125944584,0.08369371661154923
1201,Nassau St & Navy St,473,522,-49,995,-0.21397379912663755,0.06327906385143729
1202,Nelson Ave & 167 St,144,139,5,283,0.012594458438287154,0.017997964894428897
1203,Nelson Ave & W 172 St,303,299,4,602,0.010075566750629723,0.03828542355634699
1204,Nevins St & Schermerhorn St,1230,1247,-17,2477,-0.07423580786026202,0.15752989061307554
1205,New York Ave & St Marks Ave,500,430,70,930,0.17632241813602015,0.05914525566013737
1206,Newton Rd & 44 St,311,319,-8,630,-0.034934497816593885,0.0400661409310608
1207,Newtown Ave & 23 St,717,712,5,1429,0.012594458438287154,0.0908801831595014
1208,Norfolk St & Broome St,4125,4129,-4,8254,-0.017467248908296942,0.5249300432459933
1209,Norman St & Wyckoff Ave,377,387,-10,764,-0.043668122270742356,0.048588145510048336
1210,North Moore St & Greenwich St,2337,2566,-229,4903,-1.0,0.3118163317222081
1211,Nostrand Ave & Myrtle Ave,465,467,-2,932,-0.008733624454148471,0.059272449758331215
1212,Ocean Pkwy & Church Ave,274,275,-1,549,-0.004366812227074236,0.03491477995421013
1213,Ogden Ave & Merriam Ave,86,77,9,163,0.022670025188916875,0.010366319002798271
1214,Ogden Ave & W 164 St,206,208,-2,414,-0.008733624454148471,0.026329178326125666
1215,Ogden Ave & W 165 St,256,245,11,501,0.027707808564231738,0.03186212159755787
1216,Old Broadway & W 133 St,102,105,-3,207,-0.013100436681222707,0.013164589163062833
1217,Old Fulton St,553,557,-4,1110,-0.017467248908296942,0.07059272449758332
1218,Old Slip & South St,1407,1402,5,2809,0.012594458438287154,0.17864411091325363
1219,Onderdonk Ave & Dekalb Ave,264,256,8,520,0.020151133501259445,0.03307046553039939
1220,Onderdonk Ave & Gates Ave,220,200,20,420,0.05037783375314862,0.026710760620707198
1221,Orchard St & Grand St,2105,2106,-1,4211,-0.004366812227074236,0.26780717374713814
1222,Pacific St & Classon Ave,406,400,6,806,0.015113350125944584,0.051259221572119054
1223,Pacific St & Nevins St,720,727,-7,1447,-0.03056768558951965,0.092024930043246
1224,Pacific St & Nostrand Ave,617,620,-3,1237,-0.013100436681222707,0.07866954973289239
1225,Pacific St & Ralph Ave,49,42,7,91,0.017632241813602016,0.005787331467819893
1226,Pacific St & Rochester Ave,28,29,-1,57,-0.004366812227074236,0.0036250317985245485
1227,Pacific St & Thomas S. Boyland St,29,23,6,52,0.015113350125944584,0.003307046553039939
1228,Pacific St & Troy Ave,144,113,31,257,0.07808564231738035,0.01634444161790893
1229,Pacific St & Utica Ave,88,82,6,170,0.015113350125944584,0.010811498346476723
1230,Parade Pl & Crooke Ave,1121,1145,-24,2266,-0.10480349344978165,0.14411091325362504
1231,Park Ave & E 124 St,2360,2377,-17,4737,-0.07423580786026202,0.30125922157211904
1232,Park Ave & E 162 St,261,275,-14,536,-0.0611353711790393,0.03408801831595014
1233,Park Ave & Marcus Garvey Blvd,537,522,15,1059,0.037783375314861464,0.0673492749936403
1234,Park Ave & St Edwards St,387,398,-11,785,-0.048034934497816595,0.049923683541083695
1235,Park Cir & East Dr,896,901,-5,1797,-0.021834061135371178,0.11428389722716865
1236,Park Pl & Buffalo Ave,50,59,-9,109,-0.039301310043668124,0.006932078351564487
1237,Park Pl & Church St,1124,1139,-15,2263,-0.06550218340611354,0.14392012210633426
1238,Park Pl & Franklin Ave,778,776,2,1554,0.005037783375314861,0.09882981429661664
1239,Park Pl & Thomas S. Boyland St,40,35,5,75,0.012594458438287154,0.004769778682269143
1240,Park Pl & Utica Ave,108,83,25,191,0.06297229219143577,0.012147036377512084
1241,Patchen Ave & Bainbridge St,111,104,7,215,0.017632241813602016,0.013673365555838209
1242,Paul Ave & Mosholu Pkwy,52,40,12,92,0.030226700251889168,0.005850928516916815
1243,Paul Ave & W 205 St,154,147,7,301,0.017632241813602016,0.019142711778173494
1244,Pearl St & Hanover Square,72,134,-62,206,-0.27074235807860264,0.013100992113965912
1245,Pearl St & York St,440,600,-160,1040,-0.6986899563318777,0.06614093106079878
1246,Peck Slip & South St,1057,1105,-48,2162,-0.2096069868995633,0.13749682014754516
1247,Perry St & Bleecker St,2339,2358,-19,4697,-0.08296943231441048,0.2987153396082422
1248,Perry St & Greenwich Ave,2684,2696,-12,5380,-0.05240174672489083,0.34215212414143986
1249,Picnic Point,26,28,-2,54,-0.008733624454148471,0.003434240651233783
1250,Pierrepont St & Monroe Pl,674,663,11,1337,0.027707808564231738,0.08502925464258458
1251,Pike St & E Broadway,1836,1844,-8,3680,-0.034934497816593885,0.2340371406766726
1252,Pike St & Monroe St,1023,1030,-7,2053,-0.03056768558951965,0.13056474179598065
1253,Pinehurst Ave & W 187 St,200,195,5,395,0.012594458438287154,0.02512083439328415
1254,Pioneer St & Richards St,155,194,-39,349,-0.1703056768558952,0.022195370134825743
1255,Pioneer St & Van Brunt St,348,380,-32,728,-0.13973799126637554,0.04629865174255914
1256,Pitt St & Stanton St,722,726,-4,1448,-0.017467248908296942,0.09208852709234291
1257,Plaza Dr & W 170 St,372,368,4,740,0.010075566750629723,0.047061816331722205
1258,Plaza St East & Flatbush Ave,1406,1172,234,2578,0.5894206549118388,0.16395319257186466
1259,Plaza St West & Flatbush Ave,1410,1407,3,2817,0.007556675062972292,0.179152887306029
1260,Pleasant Ave & E 116 St,1934,1942,-8,3876,-0.034934497816593885,0.2465021622996693
1261,Pleasant Ave & E 120 St,588,578,10,1166,0.02518891687657431,0.07415415924701094
1262,Popham Ave & W 174 St,130,128,2,258,0.005037783375314861,0.01640803866700585
1263,Powers St & Olive St,432,421,11,853,0.027707808564231738,0.054248282879674384
1264,President St & 4 Ave,1087,1097,-10,2184,-0.043668122270742356,0.13889595522767745
1265,President St & Henry St,750,763,-13,1513,-0.056768558951965066,0.09622233528364284
1266,Prospect Ave & E 151 St,131,130,1,261,0.0025188916876574307,0.016598829814296615
1267,Prospect Ave & E 167 St,173,164,9,337,0.022670025188916875,0.02143220554566268
1268,Prospect Ave & Greenwood Ave,210,215,-5,425,-0.021834061135371178,0.02702874586619181
1269,Prospect Ave & Jennings St,116,107,9,223,0.022670025188916875,0.014182141948613584
1270,Prospect Ave & Longwood Ave,191,159,32,350,0.08060453400503778,0.022258967183922666
1271,Prospect Ave & Vanderbilt St,195,192,3,387,0.007556675062972292,0.024612058000508776
1272,Prospect Park SW & 10 Ave,431,405,26,836,0.0654911838790932,0.05316713304502671
1273,Prospect Park SW & 16 St,493,483,10,976,0.02518891687657431,0.06207071991859578
1274,Prospect Park SW & Greenwood Ave,399,415,-16,814,-0.06986899563318777,0.05176799796489443
1275,Prospect Park SW & Vanderbilt St,443,443,0,886,0.0,0.056346985499872805
1276,Prospect Park W & 20 St,241,243,-2,484,-0.008733624454148471,0.0307809717629102
1277,Prospect Park West & 8 St,1177,1185,-8,2362,-0.034934497816593885,0.15021622996692954
1278,Prospect Pl & 6 Ave,816,809,7,1625,0.017632241813602016,0.10334520478249809
1279,Prospect Pl & Howard Ave,72,76,-4,148,-0.017467248908296942,0.009412363266344441
1280,Prospect Pl & Nostrand Ave,593,537,56,1130,0.14105793450881612,0.07186466547952175
1281,Prospect Pl & Underhill Ave,1009,1014,-5,2023,-0.021834061135371178,0.128656830323073
1282,Pulaski St & Marcus Garvey Blvd,709,692,17,1401,0.042821158690176324,0.08909946578478758
1283,Putnam Ave & Knickerbocker Ave,244,244,0,488,0.0,0.03103535995929789
1284,Putnam Ave & Ralph Ave,336,315,21,651,0.05289672544080604,0.04140167896209616
1285,Putnam Ave & Throop Ave,736,731,5,1467,0.012594458438287154,0.09329687102518443
1286,Putnam Ave & Wyckoff Ave,226,241,-15,467,-0.06550218340611354,0.029699821928262527
1287,Queens Blvd & 56 St,74,73,1,147,0.0025188916876574307,0.00934876621724752
1288,Queens Plaza North & Crescent St,1800,1841,-41,3641,-0.17903930131004367,0.23155685576189264
1289,Railroad Ave & Kay Ave,92,91,1,183,0.0025188916876574307,0.011638259984736709
1290,Ralph Ave & Fulton St,151,148,3,299,0.007556675062972292,0.019015517679979648
1291,Reade St & Broadway,1324,1347,-23,2671,-0.10043668122270742,0.1698677181378784
1292,Richards St & Delavan St,231,230,1,461,0.0025188916876574307,0.029318239633680996
1293,Richardson St & N Henry St,711,702,9,1413,0.022670025188916875,0.08986263037395065
1294,River Ave & E 151 St,612,616,-4,1228,-0.017467248908296942,0.0780971762910201
1295,River Ave & E 153 St,191,196,-5,387,-0.021834061135371178,0.024612058000508776
1296,River Ave & McClellan St,165,178,-13,343,-0.056768558951965066,0.021813787840244212
1297,River Ter & Warren St,1012,1036,-24,2048,-0.10480349344978165,0.13024675655049606
1298,Riverside Blvd & W 67 St,2188,2094,94,4282,0.2367758186397985,0.2723225642330196
1299,Riverside Dr & Broadway,239,253,-14,492,-0.0611353711790393,0.031289748155685575
1300,Riverside Dr & W 104 St,1002,934,68,1936,0.1712846347607053,0.1231238870516408
1301,Riverside Dr & W 138 St,319,318,1,637,0.0025188916876574307,0.04051132027473925
1302,Riverside Dr & W 145 St,292,281,11,573,0.027707808564231738,0.03644110913253625
1303,Riverside Dr & W 148 St,206,187,19,393,0.04785894206549118,0.024993640295090307
1304,Riverside Dr & W 153 St,211,214,-3,425,-0.013100436681222707,0.02702874586619181
1305,Riverside Dr & W 72 St,1661,1648,13,3309,0.0327455919395466,0.21044263546171457
1306,Riverside Dr & W 78 St,637,562,75,1199,0.1889168765743073,0.07625286186720936
1307,Riverside Dr & W 82 St,1430,1393,37,2823,0.09319899244332494,0.17953446960061054
1308,Riverside Dr & W 91 St,805,748,57,1553,0.14357682619647355,0.09876621724751972
1309,Rivington St & Chrystie St,1917,1937,-20,3854,-0.08733624454148471,0.245103027219537
1310,Rivington St & Ridge St,2372,2344,28,4716,0.07052896725440806,0.2999236835410837
1311,Rockaway Ave & Bainbridge St,320,325,-5,645,-0.021834061135371178,0.041020096667514626
1312,Roebling St & N 4 St,1144,1146,-2,2290,-0.008733624454148471,0.14563724243195117
1313,Rogers Ave & Sterling St,788,786,2,1574,0.005037783375314861,0.10010175527855507
1314,Rogers Pl & E 165 St,100,100,0,200,0.0,0.01271940981938438
1315,Roosevelt Island Tramway,537,531,6,1068,0.015113350125944584,0.06792164843551259
1316,Rutgers St & Henry St,1395,1404,-9,2799,-0.039301310043668124,0.1780081404222844
1317,Ryer Ave & E 182 St,177,160,17,337,0.042821158690176324,0.02143220554566268
1318,S 3 St & Bedford Ave,2247,2283,-36,4530,-0.1572052401746725,0.2880946324090562
1319,S 4 St & Rodney St,1304,1318,-14,2622,-0.0611353711790393,0.16675146273212924
1320,S 4 St & Wythe Ave,2409,2438,-29,4847,-0.12663755458515283,0.30825489697278047
1321,S 5 Pl & S 5 St,2285,2331,-46,4616,-0.20087336244541484,0.2935639786313915
1322,S Portland Ave & Hanson Pl,1153,1160,-7,2313,-0.03056768558951965,0.14709997456118037
1323,Sands St & Jay St,1025,1034,-9,2059,-0.039301310043668124,0.1309463240905622
1324,Sands St Gate,945,961,-16,1906,-0.06986899563318777,0.12121597557873315
1325,Schenectady Ave & Prospect Pl,170,170,0,340,0.0,0.021622996692953447
1326,Schermerhorn St & Court St,1346,1335,11,2681,0.027707808564231738,0.17050368862884763
1327,Schermerhorn St & Hoyt St,1844,1865,-21,3709,-0.09170305676855896,0.23588145510048333
1328,Scholes St & Manhattan Ave,1321,1330,-9,2651,-0.039301310043668124,0.16859577715593996
1329,Seaman Ave & Beak St,253,266,-13,519,-0.056768558951965066,0.033006868481302465
1330,Seaman Ave & Isham St,103,111,-8,214,-0.034934497816593885,0.013609768506741287
1331,Sedgwick Ave & Hall of Fame Tce,47,45,2,92,0.005037783375314861,0.005850928516916815
1332,Sedgwick Ave & W Burnside Ave,39,40,-1,79,-0.004366812227074236,0.0050241668786568305
1333,Sedgwick Ave & W Tremont Ave,92,89,3,181,0.007556675062972292,0.011511065886542864
1334,Seneca Ave & Irvine St,38,39,-1,77,-0.004366812227074236,0.004896972780462986
1335,Shakespeare Ave & W 169 St,281,272,9,553,0.022670025188916875,0.03516916815059781
1336,Sharon St & Olive St,444,435,9,879,0.022670025188916875,0.055901806156194354
1337,Sheridan Ave & E 168 St,346,344,2,690,0.005037783375314861,0.043881963876876116
1338,Sheridan Ave & E 172 St,196,181,15,377,0.037783375314861464,0.023976087509539556
1339,Sherman Ave & E 166 St,374,369,5,743,0.012594458438287154,0.04725260747901298
1340,Sherman Ave & Thayer St,145,149,-4,294,-0.017467248908296942,0.01869753243449504
1341,Shore Blvd & Astoria Park,135,132,3,267,0.007556675062972292,0.016980412108878146
1342,Sigourney St & Columbia St,281,288,-7,569,-0.03056768558951965,0.03618672093614856
1343,Skillman Ave & 43 Ave,411,422,-11,833,-0.048034934497816595,0.052976341897735944
1344,Skillman Ave & 54 St,110,107,3,217,0.007556675062972292,0.013800559654032053
1345,Skillman Ave & Honeywell St,110,111,-1,221,-0.004366812227074236,0.01405494785041974
1346,Smith St & 3 St,796,809,-13,1605,-0.056768558951965066,0.10207326380055966
1347,Smith St & 9 St,823,831,-8,1654,-0.034934497816593885,0.10518951920630883
1348,Soissons Landing,100,112,-12,212,-0.05240174672489083,0.013482574408547443
1349,Somers St & Broadway,95,64,31,159,0.07808564231738035,0.010111930806410582
1350,Somers St & Rockaway Ave,95,104,-9,199,-0.039301310043668124,0.01265581277028746
1351,South St & Broad St,149,154,-5,303,-0.021834061135371178,0.019269905876367337
1352,South St & Gouverneur Ln,988,1054,-66,2042,-0.28820960698689957,0.1298651742559145
1353,South St & Pike St,948,950,-2,1898,-0.008733624454148471,0.12070719918595778
1354,South St & Whitehall St,945,966,-21,1911,-0.09170305676855896,0.12153396082421776
1355,Southern Blvd & Avenue St. John,159,158,1,317,0.0025188916876574307,0.02016026456372424
1356,Southern Blvd & E 142 St,88,94,-6,182,-0.026200873362445413,0.011574662935639786
1357,Southern Blvd & E 149 St,374,360,14,734,0.03526448362720403,0.046680234037140673
1358,Southern Blvd & E 172 St,51,60,-9,111,-0.039301310043668124,0.007059272449758331
1359,Southern Blvd & E 174 St,381,379,2,760,0.005037783375314861,0.048333757313660644
1360,Southern Blvd & E 175 St,228,233,-5,461,-0.021834061135371178,0.029318239633680996
1361,Southern Blvd & Tiffany St,70,76,-6,146,-0.026200873362445413,0.009285169168150597
1362,Southpoint Park,151,126,25,277,0.06297229219143577,0.017616382599847366
1363,Spring St & Hudson St,2083,2135,-52,4218,-0.22707423580786026,0.2682523530908166
1364,Spruce St & Gold St,626,674,-48,1300,-0.2096069868995633,0.08267616382599847
1365,Spruce St & Nassau St,1716,1747,-31,3463,-0.13537117903930132,0.22023658102264054
1366,St Ann's Ave & Westchester Ave,348,353,-5,701,-0.021834061135371178,0.04458153141694225
1367,St James Pl & Oliver St,1640,1650,-10,3290,-0.043668122270742356,0.20923429152887307
1368,St James Pl & Pearl St,787,796,-9,1583,-0.039301310043668124,0.10067412872042737
1369,St Johns Pl & Utica Ave,188,172,16,360,0.04030226700251889,0.022894937674891886
1370,St Johns Pl & Washington Ave,1205,1179,26,2384,0.0654911838790932,0.15161536504706183
1371,St Marks Ave & Ralph Ave,40,51,-11,91,-0.048034934497816595,0.005787331467819893
1372,St Marks Ave & Rochester Ave,69,56,13,125,0.0327455919395466,0.007949631137115238
1373,St Marks Pl & 1 Ave,2532,2540,-8,5072,-0.034934497816593885,0.32256423301958786
1374,St Marks Pl & 2 Ave,3688,3741,-53,7429,-0.2314410480349345,0.47246247774103284
1375,St Marks Pl & 4 Ave,761,777,-16,1538,-0.06986899563318777,0.09781226151106588
1376,St Mary's St & Jackson Ave,323,326,-3,649,-0.013100436681222707,0.04127448486390232
1377,St Nicholas Ave & Manhattan Ave,1778,1788,-10,3566,-0.043668122270742356,0.2267870770796235
1378,St Nicholas Ave & W 134 St,708,713,-5,1421,-0.021834061135371178,0.09037140676672602
1379,St Nicholas Ave & W 137 St,382,377,5,759,0.012594458438287154,0.048270160264563725
1380,St Nicholas Ave & W 150 St,396,359,37,755,0.09319899244332494,0.04801577206817604
1381,St. Ann's Av & Bruckner Blvd,215,218,-3,433,-0.013100436681222707,0.027537522258967183
1382,St. Ann's Ave & E 144 St,180,175,5,355,0.012594458438287154,0.022576952429407274
1383,St. Johns Pl & Kingston Ave,222,196,26,418,0.0654911838790932,0.026583566522513355
1384,St. Nicholas Ave & W 126 St,1777,1799,-22,3576,-0.09606986899563319,0.22742304757059273
1385,St. Nicholas Ave & W 155 St,224,218,6,442,0.015113350125944584,0.02810989570083948
1386,St. Nicholas Ave & W 157 St,154,142,12,296,0.030226700251889168,0.018824726532688883
1387,St. Nicholas Terrace & Convent Ave,398,397,1,795,0.0025188916876574307,0.05055965403205291
1388,Stagg St & Morgan Ave,406,422,-16,828,-0.06986899563318777,0.05265835665225133
1389,Stagg St & Union Ave,1268,1235,33,2503,0.08312342569269521,0.15918341388959553
1390,Stanhope St & Fairview Ave,280,267,13,547,0.0327455919395466,0.03478758585601628
1391,Stanton St & Chrystie St,2202,2261,-59,4463,-0.2576419213973799,0.2838336301195625
1392,Stanton St & Mangin St,1077,1072,5,2149,0.012594458438287154,0.13667005850928518
1393,Stanton St & Norfolk St,2374,2376,-2,4750,-0.008733624454148471,0.30208598321037905
1394,State St & Smith St,896,899,-3,1795,-0.013100436681222707,0.11415670312897482
1395,Steinway St & 19 Ave,112,112,0,224,0.0,0.014245738997710507
1396,Steinway St & 21 Ave,553,553,0,1106,0.0,0.07033833630119563
1397,Steinway St & 23 Ave,391,375,16,766,0.04030226700251889,0.048715339608242175
1398,Steinway St & 28 Ave,924,929,-5,1853,-0.021834061135371178,0.11784533197659629
1399,Steinway St & Broadway,1527,1550,-23,3077,-0.10043668122270742,0.19568812007122868
1400,Steinway St & Ditmars Blvd,290,292,-2,582,-0.008733624454148471,0.03701348257440855
1401,Stephen St & Seneca Ave,97,84,13,181,0.0327455919395466,0.011511065886542864
1402,Sterling Pl & 5 Ave,777,791,-14,1568,-0.0611353711790393,0.09972017298397354
1403,Sterling Pl & Bedford Ave,767,732,35,1499,0.08816120906801007,0.09533197659628594
1404,Sterling Pl & New York Ave,461,428,33,889,0.08312342569269521,0.05653777664716357
1405,Sterling Pl & Ralph Ave,35,35,0,70,0.0,0.004451793436784533
1406,Sterling Pl & Rochester Ave,52,45,7,97,0.017632241813602016,0.006168913762401425
1407,Sterling Pl & Schenectady Ave,92,77,15,169,0.037783375314861464,0.010747901297379802
1408,Sterling St & Bedford Ave,495,504,-9,999,-0.039301310043668124,0.06353345204782498
1409,Stewart Ave & Johnson Ave,278,281,-3,559,-0.013100436681222707,0.035550750445179344
1410,Stockholm St & Wilson Ave,693,705,-12,1398,-0.05240174672489083,0.08890867463749683
1411,Stuyvesant Ave & Gates Ave,270,247,23,517,0.05793450881612091,0.032879674383108626
1412,Stuyvesant Ave & Hart St,262,199,63,461,0.15869017632241814,0.029318239633680996
1413,Stuyvesant Walk & 1 Av Loop,166,155,11,321,0.027707808564231738,0.02041465276011193
1414,Suffolk St & Stanton St,2983,2977,6,5960,0.015113350125944584,0.37903841261765453
1415,Sullivan Pl & Bedford Ave,213,214,-1,427,-0.004366812227074236,0.02715593996438565
1416,Sullivan Pl & Franklin Ave,348,356,-8,704,-0.034934497816593885,0.04477232256423302
1417,Sullivan St & Washington Sq,2673,2713,-40,5386,-0.17467248908296942,0.3425337064360214
1418,Sumpter St & Fulton St,80,66,14,146,0.03526448362720403,0.009285169168150597
1419,Sunken Meadow Comfort Station,83,117,-34,200,-0.14847161572052403,0.01271940981938438
1420,Suydam St & Broadway,735,694,41,1429,0.10327455919395466,0.0908801831595014
1421,Suydam St & Knickerbocker Ave,580,572,8,1152,0.020151133501259445,0.07326380055965404
1422,Suydam St & St. Nicholas Ave,217,220,-3,437,-0.013100436681222707,0.02779191045535487
1423,Thomas S. Boyland St & Fulton St,127,86,41,213,0.10327455919395466,0.013546171457644366
1424,Thomas S. Boyland St & Macon St,148,138,10,286,0.02518891687657431,0.018188756041719663
1425,Thomas S. Boyland St & Marion St,102,96,6,198,0.015113350125944584,0.012592215721190536
1426,Thompson St & Bleecker St,2641,2659,-18,5300,-0.07860262008733625,0.3370643602136861
1427,Throop Ave & Myrtle Ave,461,460,1,921,0.0025188916876574307,0.05857288221826507
1428,Tiebout Ave & E 184 St,141,136,5,277,0.012594458438287154,0.017616382599847366
1429,Tiebout Ave & E Fordham Road,330,326,4,656,0.010075566750629723,0.04171966420758077
1430,Tinton Ave & E 165 St,241,253,-12,494,-0.05240174672489083,0.03141694225387942
1431,Townsend Ave & E 175 St,140,132,8,272,0.020151133501259445,0.017298397354362758
1432,Troy Ave & Park Pl,23,26,-3,49,-0.013100436681222707,0.003116255405749173
1433,Troy Ave & Sterling Pl,86,62,24,148,0.060453400503778336,0.009412363266344441
1434,Underhill Ave & Lincoln Pl,1036,1014,22,2050,0.055415617128463476,0.1303739506486899
1435,Underhill Ave & Pacific St,373,365,8,738,0.020151133501259445,0.046934622233528366
1436,Union Ave & E 169 St,174,171,3,345,0.007556675062972292,0.021940981938438058
1437,Union Ave & Jackson St,646,649,-3,1295,-0.013100436681222707,0.08235817858051386
1438,Union Ave & N 12 St,855,887,-32,1742,-0.13973799126637554,0.11078605952683795
1439,Union Ave & Wallabout St,667,678,-11,1345,-0.048034934497816595,0.08553803103535997
1440,Union St & 4 Ave,966,985,-19,1951,-0.08296943231441048,0.12407784278809464
1441,Union St & Bedford Ave,740,736,4,1476,0.010075566750629723,0.09386924446705673
1442,Union St & Nevins St,589,600,-11,1189,-0.048034934497816595,0.07561689137624014
1443,University Ave & Brandt Pl,99,87,12,186,0.030226700251889168,0.011829051132027474
1444,University Ave & Macombs Rd,133,115,18,248,0.04534005037783375,0.015772068176036633
1445,University Ave & W 168 St,158,143,15,301,0.037783375314861464,0.019142711778173494
1446,University Ave & W Burnside Ave,148,137,11,285,0.027707808564231738,0.018125158992622743
1447,University Pl & E 14 St,5991,6008,-17,11999,-0.07423580786026202,0.7631009921139659
1448,University Pl & E 8 St,2859,2879,-20,5738,-0.08733624454148471,0.3649198677181379
1449,Valentine Ave & E 181 St,130,130,0,260,0.0,0.016535232765199696
1450,Valentine Ave & E 183 St,176,182,-6,358,-0.026200873362445413,0.02276774357669804
1451,Van Brunt St & Van Dyke St,510,517,-7,1027,-0.03056768558951965,0.0653141694225388
1452,Van Brunt St & Wolcott St,685,687,-2,1372,-0.008733624454148471,0.08725515136097685
1453,Van Buren St & Broadway,314,315,-1,629,-0.004366812227074236,0.04000254388196388
1454,Van Dam St & Greenpoint Ave,147,136,11,283,0.027707808564231738,0.017997964894428897
1455,Van Sinderen Ave & Atlantic Ave,102,88,14,190,0.03526448362720403,0.012083439328415161
1456,Van Sinderen Ave & Truxton St,173,168,5,341,0.012594458438287154,0.02168659374205037
1457,Vernon Blvd & 10 St,604,593,11,1197,0.027707808564231738,0.07612566776901551
1458,Vernon Blvd & 31 Ave,539,521,18,1060,0.04534005037783375,0.06741287204273722
1459,Vernon Blvd & 47 Rd,563,570,-7,1133,-0.03056768558951965,0.07205545662681252
1460,Vernon Blvd & 50 Ave,1776,1824,-48,3600,-0.2096069868995633,0.22894937674891885
1461,Vernon Blvd & Queens Plaza S,173,172,1,345,0.0025188916876574307,0.021940981938438058
1462,Verona Pl & Fulton St,419,398,21,817,0.05289672544080604,0.0519587891121852
1463,Vesey Pl & River Terrace,2336,2349,-13,4685,-0.056768558951965066,0.2979521750190791
1464,Vesey St & Church St,3151,3197,-46,6348,-0.20087336244541484,0.40371406766726026
1465,W 10 St & Washington St,1441,1476,-35,2917,-0.15283842794759825,0.1855125922157212
1466,W 100 St & Broadway,2031,2008,23,4039,0.05793450881612091,0.2568684813024676
1467,W 100 St & Manhattan Ave,1887,1876,11,3763,0.027707808564231738,0.23931569575171713
1468,W 104 St & Amsterdam Ave,911,902,9,1813,0.022670025188916875,0.11530145001271941
1469,W 106 St & Amsterdam Ave,1295,1226,69,2521,0.17380352644836272,0.1603281607733401
1470,W 106 St & Central Park West,1610,1562,48,3172,0.12090680100755667,0.2017298397354363
1471,W 107 St & Columbus Ave,1115,1075,40,2190,0.10075566750629723,0.13927753752225897
1472,W 11 St & 6 Ave,2627,2661,-34,5288,-0.14847161572052403,0.33630119562452304
1473,W 110 St & Amsterdam Ave,1500,1491,9,2991,0.022670025188916875,0.1902187738488934
1474,W 111 St & 5 Ave,1321,1316,5,2637,0.012594458438287154,0.16770541846858306
1475,W 113 St & Broadway,1509,1451,58,2960,0.14609571788413098,0.18824726532688882
1476,W 116 St & Amsterdam Ave,1374,1328,46,2702,0.11586901763224182,0.171839226659883
1477,W 116 St & Broadway,1249,1172,77,2421,0.19395465994962216,0.15396845586364794
1478,W 12 St & Hudson St,2131,2142,-11,4273,-0.048034934497816595,0.2717501907911473
1479,W 120 St & Claremont Ave,882,860,22,1742,0.055415617128463476,0.11078605952683795
1480,W 129 St & Convent Ave,349,340,9,689,0.022670025188916875,0.04381836682777919
1481,W 13 St & 5 Ave,3117,3113,4,6230,0.010075566750629723,0.3962096158738235
1482,W 13 St & 7 Ave,3244,3252,-8,6496,-0.034934497816593885,0.4131264309336047
1483,W 133 St & 12 Ave,187,182,5,369,0.012594458438287154,0.023467311116764183
1484,W 135 St & Lenox Terrace Pl,432,437,-5,869,-0.021834061135371178,0.05526583566522513
1485,W 140 St & Riverside Dr,113,104,9,217,0.022670025188916875,0.013800559654032053
1486,W 144 St & Adam Clayton Powell Blvd,494,492,2,986,0.005037783375314861,0.062706690409565
1487,W 145 St & Amsterdam Ave,435,424,11,859,0.027707808564231738,0.054629865174255915
1488,W 146 St & Broadway,418,363,55,781,0.1385390428211587,0.049669295344696
1489,W 147 St & Adam Clayton Powell Blvd,369,365,4,734,0.010075566750629723,0.046680234037140673
1490,W 148 St & Amsterdam Ave,350,344,6,694,0.015113350125944584,0.0441363520732638
1491,W 15 St & 10 Ave,1458,1478,-20,2936,-0.08733624454148471,0.1867209361485627
1492,W 15 St & 6 Ave,3905,3895,10,7800,0.02518891687657431,0.4960569829559908
1493,W 15 St & 7 Ave,2596,2600,-4,5196,-0.017467248908296942,0.3304502671076062
1494,W 155 St & Frederick Douglass Blvd,239,214,25,453,0.06297229219143577,0.028809463240905622
1495,W 159 St & Edgecombe Ave,97,96,1,193,0.0025188916876574307,0.012274230475705927
1496,W 16 St & The High Line,2815,2823,-8,5638,-0.034934497816593885,0.3585601628084457
1497,W 160 St & St. Nicholas Ave,337,275,62,612,0.1561712846347607,0.038921394047316205
1498,W 163 St & Edgecombe Ave,81,78,3,159,0.007556675062972292,0.010111930806410582
1499,W 163 St & Riverside Dr,137,130,7,267,0.017632241813602016,0.016980412108878146
1500,W 165 St & Fort Washington Ave,266,253,13,519,0.0327455919395466,0.033006868481302465
1501,W 168th S & Fort Washington Ave,683,659,24,1342,0.060453400503778336,0.08534723988806919
1502,W 17 St & 7 Ave,1737,1742,-5,3479,-0.021834061135371178,0.2212541338081913
1503,W 17 St & 8 Ave,2040,2060,-20,4100,-0.08733624454148471,0.2607479012973798
1504,W 170 St & University Ave,132,123,9,255,0.022670025188916875,0.016217247519715084
1505,W 171 St & St. Nicholas Ave,240,219,21,459,0.05289672544080604,0.029191045535487153
1506,W 176 St & Montgomery Ave,179,178,1,357,0.0025188916876574307,0.02270414652760112
1507,W 18 St & 6 Ave,3706,3756,-50,7462,-0.2183406113537118,0.47456118036123124
1508,W 18 St & 9 Ave,93,127,-34,220,-0.14847161572052403,0.013991350801322818
1509,W 180 St & Ft Washington Ave,367,362,5,729,0.012594458438287154,0.04636224879165607
1510,W 181 St & Riverside Dr,185,182,3,367,0.007556675062972292,0.023340117018570337
1511,W 186 St & St. Nicholas Ave,141,141,0,282,0.0,0.017934367845331978
1512,W 190 St & Broadway,175,168,7,343,0.017632241813602016,0.021813787840244212
1513,W 190 St & St. Nicholas Ave,142,138,4,280,0.010075566750629723,0.01780717374713813
1514,W 192 St & University Ave,265,261,4,526,0.010075566750629723,0.03345204782498092
1515,W 20 St & 10 Ave,3803,3821,-18,7624,-0.07860262008733625,0.4848639023149326
1516,W 20 St & 7 Ave,2734,2756,-22,5490,-0.09606986899563319,0.34914779954210123
1517,W 20 St & 8 Ave,3137,3141,-4,6278,-0.017467248908296942,0.3992622742304757
1518,W 204 St & Nagle Ave,103,105,-2,208,-0.008733624454148471,0.013228186212159756
1519,W 204 St & Vermilyea Ave,142,144,-2,286,-0.008733624454148471,0.018188756041719663
1520,W 21 St & 6 Ave,7834,7890,-56,15724,-0.2445414847161572,1.0
1521,W 211 St & 10 Ave,86,88,-2,174,-0.008733624454148471,0.011065886542864412
1522,W 218 St & Broadway,65,75,-10,140,-0.043668122270742356,0.008903586873569066
1523,W 218 St & Indian Rd,45,49,-4,94,-0.017467248908296942,0.005978122615110659
1524,W 22 St & 10 Ave,4079,4093,-14,8172,-0.0611353711790393,0.5197150852200458
1525,W 22 St & 8 Ave,3169,3182,-13,6351,-0.056768558951965066,0.403904858814551
1526,W 225 St & Exterior St,304,311,-7,615,-0.03056768558951965,0.03911218519460697
1527,W 24 St & 7 Ave,3672,3667,5,7339,0.012594458438287154,0.46673874332230986
1528,W 25 St & 6 Ave,3223,3244,-21,6467,-0.09170305676855896,0.41128211650979396
1529,W 26 St & 10 Ave,2767,2778,-11,5545,-0.048034934497816595,0.352645637242432
1530,W 26 St & 8 Ave,3268,3318,-50,6586,-0.2183406113537118,0.41885016535232766
1531,W 27 St & 7 Ave,4186,4205,-19,8391,-0.08296943231441048,0.5336428389722717
1532,W 29 St & 9 Ave,2997,3023,-26,6020,-0.11353711790393013,0.38285423556346987
1533,W 30 St & 10 Ave,3113,3141,-28,6254,-0.1222707423580786,0.3977359450521496
1534,W 30 St & 8 Ave,2621,2664,-43,5285,-0.18777292576419213,0.3361104044772323
1535,W 31 St & 7 Ave,5825,5832,-7,11657,-0.03056768558951965,0.7413508013228186
1536,W 33 St & 10 Ave,2800,2830,-30,5630,-0.13100436681222707,0.3580513864156703
1537,W 34 St & 11 Ave,1439,1482,-43,2921,-0.18777292576419213,0.18576698041210887
1538,W 34 St & Hudson Blvd E,2955,2989,-34,5944,-0.14847161572052403,0.3780208598321038
1539,W 35 St & 8 Ave,1482,1527,-45,3009,-0.1965065502183406,0.19136352073263801
1540,W 35 St & 9 Ave,1927,1935,-8,3862,-0.034934497816593885,0.24561180361231238
1541,W 35 St & Dyer Ave,1107,1102,5,2209,0.012594458438287154,0.1404858814551005
1542,W 36 St & 7 Ave,2066,2104,-38,4170,-0.16593886462882096,0.2651996947341643
1543,W 36 St & 9 Ave,1763,1755,8,3518,0.020151133501259445,0.22373441872297126
1544,W 37 St & 10 Ave,3322,3317,5,6639,0.012594458438287154,0.4222208089544645
1545,W 37 St & 5 Ave,2151,2187,-36,4338,-0.1572052401746725,0.2758839989824472
1546,W 37 St & Broadway,900,950,-50,1850,-0.2183406113537118,0.11765454082930552
1547,W 4 St & 7 Ave S,2852,2905,-53,5757,-0.2314410480349345,0.3661282116509794
1548,W 40 St & 5 Ave,2254,2296,-42,4550,-0.18340611353711792,0.28936657339099464
1549,W 40 St & 7 Ave,664,701,-37,1365,-0.1615720524017467,0.0868099720172984
1550,W 41 St & 8 Ave,5159,5198,-39,10357,-0.1703056768558952,0.6586746374968201
1551,W 42 St & 6 Ave,3790,3826,-36,7616,-0.1572052401746725,0.48435512592215724
1552,W 42 St & 8 Ave,3120,3119,1,6239,0.0025188916876574307,0.39678198931569575
1553,W 42 St & Dyer Ave,2225,2219,6,4444,0.015113350125944584,0.28262528618672095
1554,W 43 St & 10 Ave,4523,4487,36,9010,0.0906801007556675,0.5730094123632663
1555,W 44 St & 11 Ave,3337,3272,65,6609,0.163727959697733,0.42031289748155687
1556,W 44 St & 5 Ave,3617,3684,-67,7301,-0.2925764192139738,0.4643220554566268
1557,W 45 St & 8 Ave,3247,3237,10,6484,0.02518891687657431,0.4123632663444416
1558,W 46 St & 11 Ave,1755,1767,-12,3522,-0.05240174672489083,0.22398880691935893
1559,W 47 St & 10 Ave,3009,2981,28,5990,0.07052896725440806,0.38094632409056217
1560,W 47 St & 6 Ave,1907,1963,-56,3870,-0.2445414847161572,0.24612058000508777
1561,W 47 St & 9 Ave,2235,2114,121,4349,0.3047858942065491,0.27658356652251337
1562,W 48 St &  Rockefeller Plaza,1793,1821,-28,3614,-0.1222707423580786,0.22983973543627575
1563,W 49 St & 8 Ave,2960,2805,155,5765,0.3904282115869018,0.3666369880437548
1564,W 50 St & 10 Ave,2670,2598,72,5268,0.181360201511335,0.3350292546425846
1565,W 50 St & 9 Ave,2176,2165,11,4341,0.027707808564231738,0.27607479012973796
1566,W 51 St & 6 Ave,2917,2980,-63,5897,-0.27510917030567683,0.3750317985245485
1567,W 51 St & Rockefeller Plaza,2066,2103,-37,4169,-0.1615720524017467,0.2651360976850674
1568,W 52 St & 11 Ave,1131,1081,50,2212,0.12594458438287154,0.14067667260239125
1569,W 52 St & 6 Ave,1935,1947,-12,3882,-0.05240174672489083,0.24688374459425083
1570,W 53 St & 10 Ave,2931,2908,23,5839,0.05793450881612091,0.371343169676927
1571,W 54 St & 11 Ave,3425,3425,0,6850,0.0,0.43563978631391503
1572,W 54 St & 9 Ave,2727,2711,16,5438,0.04030226700251889,0.3458407529890613
1573,W 55 St & 6 Ave,2802,2837,-35,5639,-0.15283842794759825,0.35862375985754263
1574,W 56 St & 10 Ave,2346,2360,-14,4706,-0.0611353711790393,0.2992877130501145
1575,W 56 St & 6 Ave,2889,2925,-36,5814,-0.1572052401746725,0.36975324344950394
1576,W 56 St & 8 Ave,2080,2095,-15,4175,-0.06550218340611354,0.2655176799796489
1577,W 59 St & 10 Ave,3198,3122,76,6320,0.19143576826196473,0.4019333502925464
1578,W 63 St & Broadway,3126,3139,-13,6265,-0.056768558951965066,0.3984355125922157
1579,W 64 St & Thelonious Monk Circle,2557,2543,14,5100,0.03526448362720403,0.3243449503943017
1580,W 67 St & Broadway,2998,3025,-27,6023,-0.11790393013100436,0.3830450267107606
1581,W 70 St & Amsterdam Ave,3112,3111,1,6223,0.0025188916876574307,0.395764436530145
1582,W 74 St & Columbus Ave,1596,1550,46,3146,0.11586901763224182,0.2000763164589163
1583,W 76 St & Columbus Ave,2016,1860,156,3876,0.3929471032745592,0.2465021622996693
1584,W 82 St & Central Park West,1254,1268,-14,2522,-0.0611353711790393,0.16039175782243703
1585,W 84 St & Broadway,2624,2581,43,5205,0.10831234256926953,0.3310226405494785
1586,W 84 St & Columbus Ave,2653,2650,3,5303,0.007556675062972292,0.33725515136097683
1587,W 87 St & Amsterdam Ave,1900,1624,276,3524,0.6952141057934509,0.22411600101755277
1588,W 87 St & West End Ave,1553,1467,86,3020,0.21662468513853905,0.19206308827270416
1589,W 89 St & Columbus Ave,1964,1899,65,3863,0.163727959697733,0.2456754006614093
1590,W 90 St & Amsterdam Ave,1090,1078,12,2168,0.030226700251889168,0.13787840244212668
1591,W 92 St & Broadway,1418,1400,18,2818,0.04534005037783375,0.1792164843551259
1592,W 95 St & Broadway,1934,1900,34,3834,0.08564231738035265,0.24383108623759858
1593,W Broadway & Spring St,1310,1327,-17,2637,-0.07423580786026202,0.16770541846858306
1594,W Broadway & W Houston St,1245,1264,-19,2509,-0.08296943231441048,0.15956499618417705
1595,W Burnside Ave & University Ave,236,236,0,472,0.0,0.03001780717374714
1596,W Fordham Rd & Loring Pl N,120,113,7,233,0.017632241813602016,0.014818112439582804
1597,W Mosholu Pkwy S & Sedgwick Ave,71,74,-3,145,-0.013100436681222707,0.009221572119053676
1598,W Tremont Ave & Grand Ave,51,49,2,100,0.005037783375314861,0.00635970490969219
1599,W Tremont Ave & Matthewson Rd,85,78,7,163,0.017632241813602016,0.010366319002798271
1600,W Tremont Ave & Montgomery Ave,164,163,1,327,0.0025188916876574307,0.02079623505469346
1601,Wadsworth Ave & W 175 St,283,282,1,565,0.0025188916876574307,0.035932332739760875
1602,Wadsworth Ave & W 179 St,492,480,12,972,0.030226700251889168,0.06181633172220809
1603,Wakeman Pl & Ridge Blvd,172,172,0,344,0.0,0.021877384889341135
1604,Wales Ave & E 147 St,423,427,-4,850,-0.017467248908296942,0.05405749173238362
1605,Walker St & Baxter St,1551,1671,-120,3222,-0.5240174672489083,0.20490969219028238
1606,Walnut Ave & E 136 St,71,77,-6,148,-0.026200873362445413,0.009412363266344441
1607,Walton Ave & E 153 St,172,176,-4,348,-0.017467248908296942,0.022131773085728824
1608,Walton Ave & E 168 St,300,303,-3,603,-0.013100436681222707,0.03834902060544391
1609,Walton Ave & E 171 St,356,359,-3,715,-0.013100436681222707,0.04547189010429916
1610,Walton Ave & E 183 St,213,201,12,414,0.030226700251889168,0.026329178326125666
1611,Wards Meadow Comfort Station,474,472,2,946,0.005037783375314861,0.060162808445688123
1612,Warren St & Court St,918,929,-11,1847,-0.048034934497816595,0.11746374968201476
1613,Warren St & Smith St,969,989,-20,1958,-0.08733624454148471,0.12452302213177309
1614,Warren St & W Broadway,1229,1256,-27,2485,-0.11790393013100436,0.15803866700585092
1615,Washington Ave & E 163 St,489,486,3,975,0.007556675062972292,0.06200712286949885
1616,Washington Ave & E 167 St,30,31,-1,61,-0.004366812227074236,0.003879419994912236
1617,Washington Ave & E 174 St,75,78,-3,153,-0.013100436681222707,0.009730348511829051
1618,Washington Ave & Greene Ave,918,903,15,1821,0.037783375314861464,0.11581022640549478
1619,Washington Ave & Park Ave,1262,1215,47,2477,0.11838790931989925,0.15752989061307554
1620,Washington Park,404,404,0,808,0.0,0.0513864156703129
1621,Washington Pl & 6 Ave,2938,2927,11,5865,0.027707808564231738,0.37299669295344695
1622,Washington Pl & Broadway,2604,2632,-28,5236,-0.1222707423580786,0.33299414907148306
1623,Washington Square E,2691,2776,-85,5467,-0.37117903930131,0.34768506741287203
1624,Washington St & Barrow St,1194,1198,-4,2392,-0.017467248908296942,0.15212414143983718
1625,Washington St & Gansevoort St,3132,3161,-29,6293,-0.12663755458515283,0.4002162299669295
1626,Washington St & Laight St,896,861,35,1757,0.08816120906801007,0.11174001526329179
1627,Water St &  Fletcher St,1020,1046,-26,2066,-0.11353711790393013,0.13139150343424066
1628,Water St & Gouverneur Ln,1018,1028,-10,2046,-0.043668122270742356,0.13011956245230222
1629,Waterbury St & Stagg St,477,484,-7,961,-0.03056768558951965,0.06111676418214195
1630,Waterloo Pl & Crotona Park East,77,80,-3,157,-0.013100436681222707,0.009984736708216738
1631,Watts St & Greenwich St,1178,1203,-25,2381,-0.1091703056768559,0.15142457389977104
1632,Webb Ave & W 190 St,99,92,7,191,0.017632241813602016,0.012147036377512084
1633,Webster Ave & E 166 St,61,68,-7,129,-0.03056768558951965,0.008204019333502925
1634,Webster Ave & Ford St,104,109,-5,213,-0.021834061135371178,0.013546171457644366
1635,Weeks Ave & E 175 St,128,129,-1,257,-0.004366812227074236,0.01634444161790893
1636,West Broadway & Watts St,1010,1013,-3,2023,-0.013100436681222707,0.128656830323073
1637,West Drive & Prospect Park West,2038,1956,82,3994,0.20654911838790932,0.2540066140931061
1638,West End Ave & W 107 St,1300,1175,125,2475,0.3148614609571788,0.1574026965148817
1639,West End Ave & W 60 St,3723,3709,14,7432,0.03526448362720403,0.4726532688883236
1640,West End Ave & W 78 St,1591,1194,397,2785,1.0,0.1771177817349275
1641,West End Ave & W 94 St,1106,930,176,2036,0.4433249370277078,0.129483591961333
1642,West Farms Rd & Boone Ave,50,53,-3,103,-0.013100436681222707,0.006550496056982956
1643,West St & Chambers St,3763,3811,-48,7574,-0.2096069868995633,0.4816840498600865
1644,West St & Liberty St,2954,2972,-18,5926,-0.07860262008733625,0.3768761129483592
1645,West Thames St,1778,1804,-26,3582,-0.11353711790393013,0.22780462986517425
1646,Westchester Ave & E 156 St,287,291,-4,578,-0.017467248908296942,0.03675909437802086
1647,Westchester Ave & Jackson Ave,342,349,-7,691,-0.03056768558951965,0.043945560925973036
1648,Westchester Ave & Longwood Ave,375,356,19,731,0.04785894206549118,0.04648944288984991
1649,Westchester Ave & Southern Blvd,366,364,2,730,0.005037783375314861,0.04642584584075299
1650,White St & Johnson Ave,139,142,-3,281,-0.013100436681222707,0.017870770796235055
1651,White St & Moore St,397,402,-5,799,-0.021834061135371178,0.050814042228440603
1652,Whitehall St & Bridge St,404,407,-3,811,-0.013100436681222707,0.051577206817603666
1653,Wilkins Ave & Crotona Park E,191,188,3,379,0.007556675062972292,0.024103281607733403
1654,William St & Pine St,1563,1584,-21,3147,-0.09170305676855896,0.20013991350801322
1655,Willis Ave & Bruckner Blvd,229,233,-4,462,-0.017467248908296942,0.02938183668277792
1656,Willis Ave & E 137 St,511,526,-15,1037,-0.06550218340611354,0.06595013991350801
1657,Willis Ave & E 141 St,301,322,-21,623,-0.09170305676855896,0.03962096158738235
1658,Willis Ave & E 143 St,320,329,-9,649,-0.039301310043668124,0.04127448486390232
1659,Willoughby Ave & Hall St,1636,1630,6,3266,0.015113350125944584,0.20770796235054692
1660,Willoughby Ave & Myrtle Ave,756,766,-10,1522,-0.043668122270742356,0.09679470872551514
1661,Willoughby Ave & Onderdonk Ave,292,288,4,580,0.010075566750629723,0.0368862884762147
1662,Willoughby Ave & Tompkins Ave,911,891,20,1802,0.05037783375314862,0.11460188247265327
1663,Willoughby Ave & Walworth St,676,668,8,1344,0.020151133501259445,0.08547443398626303
1664,Willoughby Ave & Wyckoff Ave,570,605,-35,1175,-0.15283842794759825,0.07472653268888324
1665,Willoughby St & Ashland Pl,425,423,2,848,0.005037783375314861,0.05393029763418977
1666,Willoughby St & Fleet St,1534,1540,-6,3074,-0.026200873362445413,0.19549732892393792
1667,Willow Ave & E 133 St,144,155,-11,299,-0.048034934497816595,0.019015517679979648
1668,Wilson Ave & Moffat St,311,290,21,601,0.05289672544080604,0.03822182650725006
1669,Wilson Ave & Troutman St,683,701,-18,1384,-0.07860262008733625,0.08801831595013991
1670,Windsor Pl & 8 Ave,392,366,26,758,0.0654911838790932,0.048206563215466805
1671,Windsor Pl & Howard Pl,793,740,53,1533,0.13350125944584382,0.09749427626558128
1672,Withers St & Kingsland Ave,337,323,14,660,0.03526448362720403,0.041974052403968454
1673,Wolcott St & Dwight St,145,158,-13,303,-0.056768558951965066,0.019269905876367337
1674,Woodside Ave & 55 St,71,59,12,130,0.030226700251889168,0.008267616382599848
1675,Woodside Ave & 60 St,115,118,-3,233,-0.013100436681222707,0.014818112439582804
1676,Woodside Ave & 69 St,83,76,7,159,0.017632241813602016,0.010111930806410582
1677,Woodside Ave & Roosevelt Ave,160,170,-10,330,-0.043668122270742356,0.020987026201984227
1678,Woodward Ave & Harman St,432,309,123,741,0.30982367758186397,0.04712541338081913
1679,Wyckoff Av & Jefferson St,642,651,-9,1293,-0.039301310043668124,0.08223098448232002
1680,Wyckoff Av & Stanhope St,1065,1082,-17,2147,-0.07423580786026202,0.1365428644110913
1681,Wyckoff Ave & Gates Ave,1164,1142,22,2306,0.055415617128463476,0.1466547952175019
1682,Wyckoff St & 3 Ave,255,255,0,510,0.0,0.03243449503943017
1683,Wyckoff St & Nevins St,364,361,3,725,0.007556675062972292,0.04610786059526838
1684,Wythe Ave & Metropolitan Ave,2759,2775,-16,5534,-0.06986899563318777,0.3519460697023658
1685,Yankee Ferry Terminal,89,88,1,177,0.0025188916876574307,0.011256677690155177
